0.000000000000000000e+00 7.851657519999999391e-01 5.656185540000000511e-01 6.310905599999999671e-01 7.897446820000000312e-01 7.564049299999999754e-01 2.833855379999999924e-01 3.571214139999999704e-01 3.061039280000000251e-01 3.947865620000000075e-01 2.818087139999999602e-01 3.325552019999999942e-01 3.172492399999999879e-01 4.274166420000000133e-01 1.378721239999999848e-01 3.723496380000000383e-01 2.684737799999999952e-01 3.484597080000000346e-01 3.159777460000000038e-01 3.310602340000000088e-01 3.154473219999999745e-01 3.083515739999999616e-01
7.851657519999999391e-01 0.000000000000000000e+00 4.148165699999999956e-01 4.684758660000000186e-01 8.441557540000002025e-01 8.336835360000000028e-01 2.352525079999999991e-01 2.518487480000000112e-01 2.091831200000000002e-01 2.677851660000000189e-01 2.173216780000000181e-01 2.166209439999999820e-01 2.667828819999999435e-01 3.488251900000000072e-01 2.636280080000000248e-01 2.775050439999999230e-01 2.117045159999999537e-01 3.221322520000000633e-01 3.036357060000000052e-01 2.984152740000000081e-01 2.430770019999999865e-01 2.706929240000000014e-01
5.656185540000000511e-01 4.148165699999999956e-01 0.000000000000000000e+00 8.143901159999999972e-01 4.019976579999999799e-01 3.769670579999999660e-01 6.059023599999999732e-01 5.786685080000000259e-01 7.403163060000000906e-01 7.331789360000000588e-01 7.518003239999999643e-01 6.457896499999999929e-01 7.313562060000000642e-01 5.001589379999999974e-01 1.301624339999999935e-01 4.296893899999999489e-01 3.212569639999999782e-01 3.713932560000000604e-01 3.270303099999999352e-01 4.150069260000000537e-01 6.069899579999999961e-01 2.865769519999999959e-01
6.310905599999999671e-01 4.684758660000000186e-01 8.143901159999999972e-01 0.000000000000000000e+00 4.284719219999999495e-01 4.367863460000000475e-01 5.174231559999999952e-01 6.644362900000000405e-01 6.833680659999998852e-01 7.653781019999998936e-01 5.919573740000000361e-01 7.631566000000000738e-01 6.122195839999999833e-01 6.273778700000000041e-01 1.098714339999999900e-01 5.241144079999999761e-01 2.987776219999999650e-01 4.499978920000000104e-01 3.429555659999999895e-01 4.592103820000000280e-01 5.194329439999999520e-01 4.595341320000000396e-01
7.897446820000000312e-01 8.441557540000002025e-01 4.019976579999999799e-01 4.284719219999999495e-01 0.000000000000000000e+00 7.403216180000000701e-01 2.347463280000000041e-01 2.215249579999999940e-01 2.183021060000000235e-01 2.403671440000000048e-01 2.259479759999999948e-01 1.988184279999999915e-01 2.418779380000000145e-01 3.385124299999999753e-01 2.689553879999999619e-01 3.352086939999999737e-01 1.505823619999999974e-01 3.715310259999999865e-01 2.740330000000000266e-01 3.345815540000000032e-01 2.048166279999999728e-01 2.758878079999999566e-01
7.564049299999999754e-01 8.336835360000000028e-01 3.769670579999999660e-01 4.367863460000000475e-01 7.403216180000000701e-01 0.000000000000000000e+00 2.303522060000000038e-01 2.306693819999999506e-01 2.274744759999999810e-01 2.475242900000000079e-01 2.584160580000000040e-01 2.171058859999999979e-01 2.105941260000000204e-01 3.757848240000000173e-01 2.237827240000000162e-01 2.580553239999999748e-01 2.350880320000000023e-01 3.069593379999999705e-01 2.739229939999999752e-01 2.920354459999999763e-01 2.036681459999999944e-01 3.089734380000000447e-01
2.833855379999999924e-01 2.352525079999999991e-01 6.059023599999999732e-01 5.174231559999999952e-01 2.347463280000000041e-01 2.303522060000000038e-01 0.000000000000000000e+00 4.432535659999999877e-01 7.056816320000001141e-01 6.157252579999999975e-01 7.545455920000000427e-01 5.570160420000001000e-01 6.521853559999999383e-01 3.320632279999999881e-01 2.065903720000000221e-01 4.547379739999999337e-01 2.173701959999999878e-01 4.538245739999999806e-01 2.893119399999999897e-01 3.694062660000000387e-01 5.904998339999999457e-01 2.466892500000000266e-01
3.571214139999999704e-01 2.518487480000000112e-01 5.786685080000000259e-01 6.644362900000000405e-01 2.215249579999999940e-01 2.306693819999999506e-01 4.432535659999999877e-01 0.000000000000000000e+00 6.225550019999999130e-01 7.155359180000000485e-01 4.788284660000000637e-01 7.826437379999998667e-01 5.232601079999998905e-01 4.185408319999999738e-01 1.264359079999999858e-01 3.450635359999999485e-01 2.982974640000000122e-01 3.159808259999999924e-01 2.388332480000000257e-01 2.486362699999999926e-01 5.456315899999999441e-01 4.824123120000000098e-01
3.061039280000000251e-01 2.091831200000000002e-01 7.403163060000000906e-01 6.833680659999998852e-01 2.183021060000000235e-01 2.274744759999999810e-01 7.056816320000001141e-01 6.225550019999999130e-01 0.000000000000000000e+00 8.058336560000001203e-01 8.817559580000000619e-01 7.311977119999999442e-01 7.603457479999999880e-01 4.562421380000000193e-01 1.820604620000000062e-01 5.050699240000000589e-01 3.605133480000000112e-01 4.995740400000000525e-01 4.051749939999999550e-01 4.136876760000000597e-01 7.052555500000000643e-01 3.775049440000000089e-01
3.947865620000000075e-01 2.677851660000000189e-01 7.331789360000000588e-01 7.653781019999998936e-01 2.403671440000000048e-01 2.475242900000000079e-01 6.157252579999999975e-01 7.155359180000000485e-01 8.058336560000001203e-01 0.000000000000000000e+00 7.059145199999999898e-01 8.576905879999999760e-01 7.349855220000000022e-01 4.898043040000000237e-01 1.820987999999999774e-01 5.503868539999999809e-01 3.143468179999999723e-01 4.645492339999999776e-01 3.762436619999999787e-01 4.230968540000000222e-01 7.069397260000001015e-01 4.318346299999999971e-01
2.818087139999999602e-01 2.173216780000000181e-01 7.518003239999999643e-01 5.919573740000000361e-01 2.259479759999999948e-01 2.584160580000000040e-01 7.545455920000000427e-01 4.788284660000000637e-01 8.817559580000000619e-01 7.059145199999999898e-01 0.000000000000000000e+00 6.072129820000000677e-01 8.037099420000000105e-01 4.013165100000000152e-01 1.887112200000000128e-01 4.286450620000000211e-01 3.652780660000000124e-01 3.977452179999999560e-01 3.408166340000000072e-01 3.747224399999999900e-01 7.080249060000000094e-01 3.178653100000000120e-01
3.325552019999999942e-01 2.166209439999999820e-01 6.457896499999999929e-01 7.631566000000000738e-01 1.988184279999999915e-01 2.171058859999999979e-01 5.570160420000001000e-01 7.826437379999998667e-01 7.311977119999999442e-01 8.576905879999999760e-01 6.072129820000000677e-01 0.000000000000000000e+00 6.222447719999999460e-01 4.617148759999999963e-01 2.002632980000000062e-01 5.761927940000000081e-01 2.915670679999999848e-01 4.573292379999999713e-01 3.275756140000000149e-01 4.022718419999999351e-01 5.952940719999999519e-01 4.963118659999999904e-01
3.172492399999999879e-01 2.667828819999999435e-01 7.313562060000000642e-01 6.122195839999999833e-01 2.418779380000000145e-01 2.105941260000000204e-01 6.521853559999999383e-01 5.232601079999998905e-01 7.603457479999999880e-01 7.349855220000000022e-01 8.037099420000000105e-01 6.222447719999999460e-01 0.000000000000000000e+00 4.178344900000000028e-01 2.127415259999999864e-01 3.809114559999999816e-01 3.547417179999999837e-01 3.820558619999999683e-01 3.759641240000000106e-01 3.478233539999999735e-01 8.106847239999999122e-01 2.710203019999999907e-01
4.274166420000000133e-01 3.488251900000000072e-01 5.001589379999999974e-01 6.273778700000000041e-01 3.385124299999999753e-01 3.757848240000000173e-01 3.320632279999999881e-01 4.185408319999999738e-01 4.562421380000000193e-01 4.898043040000000237e-01 4.013165100000000152e-01 4.617148759999999963e-01 4.178344900000000028e-01 0.000000000000000000e+00 2.118381320000000123e-01 4.863662140000000744e-01 2.903829640000000212e-01 4.162609459999999650e-01 3.242306680000000552e-01 4.942523320000000164e-01 4.007197519999999846e-01 4.033166819999999819e-01
1.378721239999999848e-01 2.636280080000000248e-01 1.301624339999999935e-01 1.098714339999999900e-01 2.689553879999999619e-01 2.237827240000000162e-01 2.065903720000000221e-01 1.264359079999999858e-01 1.820604620000000062e-01 1.820987999999999774e-01 1.887112200000000128e-01 2.002632980000000062e-01 2.127415259999999864e-01 2.118381320000000123e-01 0.000000000000000000e+00 2.507796640000000132e-01 3.080926299999999785e-01 2.629245980000000094e-01 2.538337920000000025e-01 4.964795139999999551e-01 2.125472199999999812e-01 1.929680680000000204e-01
3.723496380000000383e-01 2.775050439999999230e-01 4.296893899999999489e-01 5.241144079999999761e-01 3.352086939999999737e-01 2.580553239999999748e-01 4.547379739999999337e-01 3.450635359999999485e-01 5.050699240000000589e-01 5.503868539999999809e-01 4.286450620000000211e-01 5.761927940000000081e-01 3.809114559999999816e-01 4.863662140000000744e-01 2.507796640000000132e-01 0.000000000000000000e+00 2.490292759999999939e-01 6.573002679999999653e-01 4.307531219999999328e-01 5.631468519999999200e-01 3.664324939999999975e-01 3.808165700000000209e-01
2.684737799999999952e-01 2.117045159999999537e-01 3.212569639999999782e-01 2.987776219999999650e-01 1.505823619999999974e-01 2.350880320000000023e-01 2.173701959999999878e-01 2.982974640000000122e-01 3.605133480000000112e-01 3.143468179999999723e-01 3.652780660000000124e-01 2.915670679999999848e-01 3.547417179999999837e-01 2.903829640000000212e-01 3.080926299999999785e-01 2.490292759999999939e-01 0.000000000000000000e+00 2.671547439999999995e-01 5.272638279999999344e-01 3.342306599999999572e-01 4.020489520000000150e-01 2.253942840000000003e-01
3.484597080000000346e-01 3.221322520000000633e-01 3.713932560000000604e-01 4.499978920000000104e-01 3.715310259999999865e-01 3.069593379999999705e-01 4.538245739999999806e-01 3.159808259999999924e-01 4.995740400000000525e-01 4.645492339999999776e-01 3.977452179999999560e-01 4.573292379999999713e-01 3.820558619999999683e-01 4.162609459999999650e-01 2.629245980000000094e-01 6.573002679999999653e-01 2.671547439999999995e-01 0.000000000000000000e+00 3.622126460000000270e-01 7.087478200000000284e-01 3.755491819999999814e-01 3.351276000000000255e-01
3.159777460000000038e-01 3.036357060000000052e-01 3.270303099999999352e-01 3.429555659999999895e-01 2.740330000000000266e-01 2.739229939999999752e-01 2.893119399999999897e-01 2.388332480000000257e-01 4.051749939999999550e-01 3.762436619999999787e-01 3.408166340000000072e-01 3.275756140000000149e-01 3.759641240000000106e-01 3.242306680000000552e-01 2.538337920000000025e-01 4.307531219999999328e-01 5.272638279999999344e-01 3.622126460000000270e-01 0.000000000000000000e+00 2.419871219999999989e-01 3.326255459999999942e-01 2.381352940000000251e-01
3.310602340000000088e-01 2.984152740000000081e-01 4.150069260000000537e-01 4.592103820000000280e-01 3.345815540000000032e-01 2.920354459999999763e-01 3.694062660000000387e-01 2.486362699999999926e-01 4.136876760000000597e-01 4.230968540000000222e-01 3.747224399999999900e-01 4.022718419999999351e-01 3.478233539999999735e-01 4.942523320000000164e-01 4.964795139999999551e-01 5.631468519999999200e-01 3.342306599999999572e-01 7.087478200000000284e-01 2.419871219999999989e-01 0.000000000000000000e+00 2.915345059999999711e-01 2.270717200000000047e-01
3.154473219999999745e-01 2.430770019999999865e-01 6.069899579999999961e-01 5.194329439999999520e-01 2.048166279999999728e-01 2.036681459999999944e-01 5.904998339999999457e-01 5.456315899999999441e-01 7.052555500000000643e-01 7.069397260000001015e-01 7.080249060000000094e-01 5.952940719999999519e-01 8.106847239999999122e-01 4.007197519999999846e-01 2.125472199999999812e-01 3.664324939999999975e-01 4.020489520000000150e-01 3.755491819999999814e-01 3.326255459999999942e-01 2.915345059999999711e-01 0.000000000000000000e+00 3.488396640000000493e-01
3.083515739999999616e-01 2.706929240000000014e-01 2.865769519999999959e-01 4.595341320000000396e-01 2.758878079999999566e-01 3.089734380000000447e-01 2.466892500000000266e-01 4.824123120000000098e-01 3.775049440000000089e-01 4.318346299999999971e-01 3.178653100000000120e-01 4.963118659999999904e-01 2.710203019999999907e-01 4.033166819999999819e-01 1.929680680000000204e-01 3.808165700000000209e-01 2.253942840000000003e-01 3.351276000000000255e-01 2.381352940000000251e-01 2.270717200000000047e-01 3.488396640000000493e-01 0.000000000000000000e+00
