0.000000000000000000e+00 9.615043099999999177e-01 3.958488420000000341e-01 6.923251860000000368e-01 9.408412099999999834e-01 9.441645180000000082e-01 1.261165280000000055e-01 9.967321599999999504e-02 3.468738059999999512e-01 2.989454539999999438e-01 3.141912640000000256e-01 1.938045419999999963e-01 2.445580980000000015e-01 1.247327760000000174e-01 1.231299079999999824e-01 1.388567059999999964e-01 1.266230640000000074e-01 1.413933679999999915e-01 1.251983839999999959e-01 1.389869979999999727e-01 3.256357079999999682e-01 4.079995020000000139e-01
9.615043099999999177e-01 0.000000000000000000e+00 3.967432900000000262e-01 6.989129559999999186e-01 9.572937019999999686e-01 9.851428819999998865e-01 1.379647499999999971e-01 1.201444779999999851e-01 3.655618800000000057e-01 3.123237200000000269e-01 3.446191980000000155e-01 1.876663839999999916e-01 2.749077380000000126e-01 1.372481239999999991e-01 1.381160339999999986e-01 1.517785959999999879e-01 1.385252020000000139e-01 1.600607380000000080e-01 1.351158760000000236e-01 1.563917520000000227e-01 3.570994699999999744e-01 4.533730520000000541e-01
3.958488420000000341e-01 3.967432900000000262e-01 0.000000000000000000e+00 5.568637940000000786e-01 4.145680819999998934e-01 3.790089639999999482e-01 6.090064440000000356e-01 6.152759000000000977e-01 5.199388899999999314e-01 1.046691959999999921e-01 6.631277019999999300e-01 2.343123460000000047e-01 2.892020760000000301e-01 3.784061079999999633e-01 6.133416240000000297e-01 6.284285359999999265e-01 6.259051780000000065e-01 6.243253380000000075e-01 6.273789180000000076e-01 6.280378859999999897e-01 2.882734100000000632e-01 2.079252119999999981e-01
6.923251860000000368e-01 6.989129559999999186e-01 5.568637940000000786e-01 0.000000000000000000e+00 6.440486300000001219e-01 7.005213980000000173e-01 2.859822819999999766e-01 2.965030699999999797e-01 2.789128799999999742e-01 2.052307079999999839e-01 2.702658860000000107e-01 2.125689300000000448e-01 3.448857199999999512e-01 2.897149940000000035e-01 2.917452399999999613e-01 2.823312619999999717e-01 2.976116739999999927e-01 2.848610740000000474e-01 2.911898199999999881e-01 2.916973019999999917e-01 4.774374460000000431e-01 4.885795860000000101e-01
9.408412099999999834e-01 9.572937019999999686e-01 4.145680819999998934e-01 6.440486300000001219e-01 0.000000000000000000e+00 9.344723659999999432e-01 1.585600779999999932e-01 1.297359740000000039e-01 3.828097579999999445e-01 2.990880559999999910e-01 3.656895620000000235e-01 1.501844320000000066e-01 2.290118060000000122e-01 1.693113460000000015e-01 1.559376960000000145e-01 1.708441340000000086e-01 1.561114320000000222e-01 1.828533660000000172e-01 1.542777779999999765e-01 1.773143580000000052e-01 2.851378739999999579e-01 4.090550000000000574e-01
9.441645180000000082e-01 9.851428819999998865e-01 3.790089639999999482e-01 7.005213980000000173e-01 9.344723659999999432e-01 0.000000000000000000e+00 1.268896760000000068e-01 1.103453919999999727e-01 3.746950880000000095e-01 3.223236879999999971e-01 3.484275880000000103e-01 1.898001579999999966e-01 2.858756219999999404e-01 1.426888300000000165e-01 1.261381239999999904e-01 1.354857279999999997e-01 1.269791399999999904e-01 1.445814519999999992e-01 1.224703520000000045e-01 1.403947060000000080e-01 3.691003220000000362e-01 4.746820299999999770e-01
1.261165280000000055e-01 1.379647499999999971e-01 6.090064440000000356e-01 2.859822819999999766e-01 1.585600779999999932e-01 1.268896760000000068e-01 0.000000000000000000e+00 9.697448699999998700e-01 4.218533059999999280e-01 2.514789759999999652e-01 4.765374899999999525e-01 4.786780679999999566e-01 5.533040080000000138e-01 5.878622860000000117e-01 9.911085240000000463e-01 9.637061300000000497e-01 9.893504280000000595e-01 9.497874559999999189e-01 9.895623260000000476e-01 9.691060840000000898e-01 5.249261179999999971e-01 2.329997960000000090e-01
9.967321599999999504e-02 1.201444779999999851e-01 6.152759000000000977e-01 2.965030699999999797e-01 1.297359740000000039e-01 1.103453919999999727e-01 9.697448699999998700e-01 0.000000000000000000e+00 4.066416900000000001e-01 2.175007380000000268e-01 4.797107439999999667e-01 4.795409760000000077e-01 5.929756479999999108e-01 5.907769560000000197e-01 9.754068339999999449e-01 9.820241940000000724e-01 9.726825339999999320e-01 9.706545280000000719e-01 9.787713359999999918e-01 9.819920099999999152e-01 5.620998939999999333e-01 2.732390620000000325e-01
3.468738059999999512e-01 3.655618800000000057e-01 5.199388899999999314e-01 2.789128799999999742e-01 3.828097579999999445e-01 3.746950880000000095e-01 4.218533059999999280e-01 4.066416900000000001e-01 0.000000000000000000e+00 3.013638920000000221e-01 8.017940979999998996e-01 2.762669139999999746e-01 1.436042839999999710e-01 2.563706199999999935e-01 4.163131279999999768e-01 4.606585820000000386e-01 4.208472220000000208e-01 4.626916600000000601e-01 4.321672360000000102e-01 4.507699300000000409e-01 1.702111139999999967e-01 3.533291520000000352e-01
2.989454539999999438e-01 3.123237200000000269e-01 1.046691959999999921e-01 2.052307079999999839e-01 2.990880559999999910e-01 3.223236879999999971e-01 2.514789759999999652e-01 2.175007380000000268e-01 3.013638920000000221e-01 0.000000000000000000e+00 1.953963539999999943e-01 7.479095320000000990e-01 3.771969119999999398e-01 5.438170459999999151e-01 2.144552439999999893e-01 2.089036420000000283e-01 2.199482259999999967e-01 1.934126979999999940e-01 2.164735040000000110e-01 1.967552539999999905e-01 4.268627079999999796e-01 4.777253799999999773e-01
3.141912640000000256e-01 3.446191980000000155e-01 6.631277019999999300e-01 2.702658860000000107e-01 3.656895620000000235e-01 3.484275880000000103e-01 4.765374899999999525e-01 4.797107439999999667e-01 8.017940979999998996e-01 1.953963539999999943e-01 0.000000000000000000e+00 2.462745780000000217e-01 1.706706980000000096e-01 2.720811679999999844e-01 4.761857259999999203e-01 5.210275460000000081e-01 4.869003779999999670e-01 5.284879239999999978e-01 4.933742239999999724e-01 5.188966720000000032e-01 2.023929240000000296e-01 3.765567100000000167e-01
1.938045419999999963e-01 1.876663839999999916e-01 2.343123460000000047e-01 2.125689300000000448e-01 1.501844320000000066e-01 1.898001579999999966e-01 4.786780679999999566e-01 4.795409760000000077e-01 2.762669139999999746e-01 7.479095320000000990e-01 2.462745780000000217e-01 0.000000000000000000e+00 4.161996620000000258e-01 8.331073140000000432e-01 4.519443559999999915e-01 4.656514460000000244e-01 4.623561579999999616e-01 4.534916319999999779e-01 4.595028620000000674e-01 4.540948439999999975e-01 5.416010480000000848e-01 4.289651120000000373e-01
2.445580980000000015e-01 2.749077380000000126e-01 2.892020760000000301e-01 3.448857199999999512e-01 2.290118060000000122e-01 2.858756219999999404e-01 5.533040080000000138e-01 5.929756479999999108e-01 1.436042839999999710e-01 3.771969119999999398e-01 1.706706980000000096e-01 4.161996620000000258e-01 0.000000000000000000e+00 4.576754519999999826e-01 5.691063479999999286e-01 5.421160740000000589e-01 5.631927199999999800e-01 5.343298600000000453e-01 5.635002660000000274e-01 5.462100640000000507e-01 8.512299620000000067e-01 6.734774059999999452e-01
1.247327760000000174e-01 1.372481239999999991e-01 3.784061079999999633e-01 2.897149940000000035e-01 1.693113460000000015e-01 1.426888300000000165e-01 5.878622860000000117e-01 5.907769560000000197e-01 2.563706199999999935e-01 5.438170459999999151e-01 2.720811679999999844e-01 8.331073140000000432e-01 4.576754519999999826e-01 0.000000000000000000e+00 5.770015299999999847e-01 5.805742740000000568e-01 5.891792500000000432e-01 5.812582520000000308e-01 5.839410720000000055e-01 5.840789280000000527e-01 5.535437260000000137e-01 3.613871560000000427e-01
1.231299079999999824e-01 1.381160339999999986e-01 6.133416240000000297e-01 2.917452399999999613e-01 1.559376960000000145e-01 1.261381239999999904e-01 9.911085240000000463e-01 9.754068339999999449e-01 4.163131279999999768e-01 2.144552439999999893e-01 4.761857259999999203e-01 4.519443559999999915e-01 5.691063479999999286e-01 5.770015299999999847e-01 0.000000000000000000e+00 9.709625660000000824e-01 9.956792620000000094e-01 9.582039260000000391e-01 9.966324699999999925e-01 9.760104179999998797e-01 5.329234979999999400e-01 2.506363719999999962e-01
1.388567059999999964e-01 1.517785959999999879e-01 6.284285359999999265e-01 2.823312619999999717e-01 1.708441340000000086e-01 1.354857279999999997e-01 9.637061300000000497e-01 9.820241940000000724e-01 4.606585820000000386e-01 2.089036420000000283e-01 5.210275460000000081e-01 4.656514460000000244e-01 5.421160740000000589e-01 5.805742740000000568e-01 9.709625660000000824e-01 0.000000000000000000e+00 9.691654999999999021e-01 9.947909219999999664e-01 9.777683219999999675e-01 9.971568239999999417e-01 5.052622479999999694e-01 2.259532339999999750e-01
1.266230640000000074e-01 1.385252020000000139e-01 6.259051780000000065e-01 2.976116739999999927e-01 1.561114320000000222e-01 1.269791399999999904e-01 9.893504280000000595e-01 9.726825339999999320e-01 4.208472220000000208e-01 2.199482259999999967e-01 4.869003779999999670e-01 4.623561579999999616e-01 5.631927199999999800e-01 5.891792500000000432e-01 9.956792620000000094e-01 9.691654999999999021e-01 0.000000000000000000e+00 9.570355779999999424e-01 9.976370500000000252e-01 9.737648660000000067e-01 5.282914200000000671e-01 2.462105380000000066e-01
1.413933679999999915e-01 1.600607380000000080e-01 6.243253380000000075e-01 2.848610740000000474e-01 1.828533660000000172e-01 1.445814519999999992e-01 9.497874559999999189e-01 9.706545280000000719e-01 4.626916600000000601e-01 1.934126979999999940e-01 5.284879239999999978e-01 4.534916319999999779e-01 5.343298600000000453e-01 5.812582520000000308e-01 9.582039260000000391e-01 9.947909219999999664e-01 9.570355779999999424e-01 0.000000000000000000e+00 9.658160319999999910e-01 9.951090260000000631e-01 5.009266140000000478e-01 2.378270040000000363e-01
1.251983839999999959e-01 1.351158760000000236e-01 6.273789180000000076e-01 2.911898199999999881e-01 1.542777779999999765e-01 1.224703520000000045e-01 9.895623260000000476e-01 9.787713359999999918e-01 4.321672360000000102e-01 2.164735040000000110e-01 4.933742239999999724e-01 4.595028620000000674e-01 5.635002660000000274e-01 5.839410720000000055e-01 9.966324699999999925e-01 9.777683219999999675e-01 9.976370500000000252e-01 9.658160319999999910e-01 0.000000000000000000e+00 9.807603659999999390e-01 5.242093359999999702e-01 2.385560939999999963e-01
1.389869979999999727e-01 1.563917520000000227e-01 6.280378859999999897e-01 2.916973019999999917e-01 1.773143580000000052e-01 1.403947060000000080e-01 9.691060840000000898e-01 9.819920099999999152e-01 4.507699300000000409e-01 1.967552539999999905e-01 5.188966720000000032e-01 4.540948439999999975e-01 5.462100640000000507e-01 5.840789280000000527e-01 9.760104179999998797e-01 9.971568239999999417e-01 9.737648660000000067e-01 9.951090260000000631e-01 9.807603659999999390e-01 0.000000000000000000e+00 5.125508859999999833e-01 2.416560180000000280e-01
3.256357079999999682e-01 3.570994699999999744e-01 2.882734100000000632e-01 4.774374460000000431e-01 2.851378739999999579e-01 3.691003220000000362e-01 5.249261179999999971e-01 5.620998939999999333e-01 1.702111139999999967e-01 4.268627079999999796e-01 2.023929240000000296e-01 5.416010480000000848e-01 8.512299620000000067e-01 5.535437260000000137e-01 5.329234979999999400e-01 5.052622479999999694e-01 5.282914200000000671e-01 5.009266140000000478e-01 5.242093359999999702e-01 5.125508859999999833e-01 0.000000000000000000e+00 8.069784859999999949e-01
4.079995020000000139e-01 4.533730520000000541e-01 2.079252119999999981e-01 4.885795860000000101e-01 4.090550000000000574e-01 4.746820299999999770e-01 2.329997960000000090e-01 2.732390620000000325e-01 3.533291520000000352e-01 4.777253799999999773e-01 3.765567100000000167e-01 4.289651120000000373e-01 6.734774059999999452e-01 3.613871560000000427e-01 2.506363719999999962e-01 2.259532339999999750e-01 2.462105380000000066e-01 2.378270040000000363e-01 2.385560939999999963e-01 2.416560180000000280e-01 8.069784859999999949e-01 0.000000000000000000e+00
