0.000000000000000000e+00 7.317318280000000286e-01 5.338683520000000460e-01 5.766867639999999628e-01 7.707699080000000036e-01 9.207303619999999134e-01 1.357819640000000050e-01 1.187871939999999987e-01 2.377145420000000287e-01 1.877676659999999997e-01 2.115222520000000217e-01 1.811618759999999995e-01 2.398516879999999796e-01 1.630620079999999805e-01 1.087617700000000076e-01 7.831940200000001018e-02 1.253993800000000047e-01 9.187946799999999192e-02 1.381802919999999824e-01 1.122219679999999914e-01 2.504477099999999901e-01 2.452482240000000147e-01
7.317318280000000286e-01 0.000000000000000000e+00 5.467443899999999690e-01 4.791219400000000239e-01 8.555343759999999298e-01 7.120638619999999364e-01 1.248950420000000117e-01 1.013861619999999880e-01 2.054802839999999853e-01 1.798055580000000042e-01 1.966397679999999926e-01 1.536767259999999857e-01 2.122639999999999527e-01 1.705338100000000079e-01 1.050873020000000074e-01 8.480237399999999981e-02 1.277143279999999881e-01 1.110076440000000025e-01 1.330101680000000119e-01 1.286458899999999850e-01 2.245226199999999783e-01 2.040449740000000178e-01
5.338683520000000460e-01 5.467443899999999690e-01 0.000000000000000000e+00 6.161659720000000062e-01 5.671463880000000568e-01 5.295525480000000673e-01 4.455502759999999673e-01 3.509771279999999716e-01 6.043950440000001034e-01 5.048664400000000274e-01 6.447438100000000283e-01 3.492062040000000200e-01 6.615447020000000400e-01 3.290698639999999897e-01 2.090384399999999920e-01 1.744667179999999929e-01 5.528090999999999561e-02 1.192229119999999865e-01 9.385216400000000181e-02 2.313417200000000007e-01 6.723649459999999634e-01 5.973575700000000044e-01
5.766867639999999628e-01 4.791219400000000239e-01 6.161659720000000062e-01 0.000000000000000000e+00 4.875631599999999954e-01 5.534895619999999905e-01 3.634206979999999865e-01 4.919496500000000161e-01 5.607130700000000356e-01 6.162215659999999984e-01 4.504519280000000014e-01 6.289581220000000084e-01 4.589791519999999458e-01 5.712235359999999762e-01 1.457613839999999938e-01 2.117870100000000255e-01 6.876968799999999549e-02 9.471773800000000965e-02 1.293828900000000004e-01 2.237397039999999837e-01 5.387122140000000226e-01 6.364594340000000461e-01
7.707699080000000036e-01 8.555343759999999298e-01 5.671463880000000568e-01 4.875631599999999954e-01 0.000000000000000000e+00 7.653526200000000390e-01 1.182026559999999754e-01 8.388675400000000781e-02 2.201935240000000016e-01 1.683296960000000286e-01 1.881481579999999820e-01 1.401469000000000187e-01 2.289909419999999751e-01 1.531136080000000121e-01 1.186399320000000035e-01 7.271560600000000207e-02 1.256411859999999880e-01 8.750927399999999801e-02 1.208630939999999904e-01 1.102919519999999987e-01 2.334295400000000187e-01 2.296485520000000058e-01
9.207303619999999134e-01 7.120638619999999364e-01 5.295525480000000673e-01 5.534895619999999905e-01 7.653526200000000390e-01 0.000000000000000000e+00 1.100388879999999875e-01 9.572234999999998384e-02 2.024127860000000112e-01 1.927874199999999871e-01 1.896033519999999750e-01 1.676838659999999870e-01 2.301170939999999943e-01 1.558252400000000037e-01 9.505864599999999665e-02 6.242999200000000359e-02 1.207372879999999843e-01 9.088334400000000479e-02 1.337319819999999715e-01 1.170162659999999938e-01 2.357123319999999966e-01 2.369717299999999915e-01
1.357819640000000050e-01 1.248950420000000117e-01 4.455502759999999673e-01 3.634206979999999865e-01 1.182026559999999754e-01 1.100388879999999875e-01 0.000000000000000000e+00 5.281290239999999470e-01 5.297912879999999713e-01 4.723241139999999616e-01 5.143277299999999830e-01 3.728987260000000137e-01 4.638000919999999416e-01 3.099363880000000071e-01 6.346050859999999849e-01 3.549163840000000292e-01 2.701105520000000038e-01 1.490949399999999814e-01 2.704223820000000167e-01 4.676070199999999843e-01 5.125949220000000084e-01 4.623358740000000355e-01
1.187871939999999987e-01 1.013861619999999880e-01 3.509771279999999716e-01 4.919496500000000161e-01 8.388675400000000781e-02 9.572234999999998384e-02 5.281290239999999470e-01 0.000000000000000000e+00 5.445608480000000418e-01 5.791198339999998890e-01 4.219307440000000797e-01 5.847927680000000183e-01 3.959697400000000145e-01 5.125105100000000302e-01 1.874681940000000047e-01 5.131494839999999336e-01 1.949143540000000119e-01 1.224485039999999997e-01 3.143897459999999699e-01 3.303573639999999867e-01 4.631430380000000069e-01 5.522531820000000646e-01
2.377145420000000287e-01 2.054802839999999853e-01 6.043950440000001034e-01 5.607130700000000356e-01 2.201935240000000016e-01 2.024127860000000112e-01 5.297912879999999713e-01 5.445608480000000418e-01 0.000000000000000000e+00 5.868662880000000692e-01 6.595147500000000385e-01 5.180248739999999685e-01 7.327808620000000328e-01 4.502400599999999420e-01 2.343329040000000085e-01 2.277124060000000338e-01 1.100659599999999905e-01 1.057481859999999940e-01 1.617759820000000126e-01 2.659628680000000189e-01 6.956455580000000527e-01 7.054856760000000060e-01
1.877676659999999997e-01 1.798055580000000042e-01 5.048664400000000274e-01 6.162215659999999984e-01 1.683296960000000286e-01 1.927874199999999871e-01 4.723241139999999616e-01 5.791198339999998890e-01 5.868662880000000692e-01 0.000000000000000000e+00 5.723123140000000442e-01 6.404657620000000495e-01 5.496325059999999096e-01 7.259053580000000006e-01 1.589497219999999877e-01 2.482576999999999701e-01 9.971844199999999048e-02 8.558606000000000547e-02 1.751258900000000063e-01 2.672419879999999859e-01 6.218126880000000023e-01 6.839254799999999745e-01
2.115222520000000217e-01 1.966397679999999926e-01 6.447438100000000283e-01 4.504519280000000014e-01 1.881481579999999820e-01 1.896033519999999750e-01 5.143277299999999830e-01 4.219307440000000797e-01 6.595147500000000385e-01 5.723123140000000442e-01 0.000000000000000000e+00 3.872675019999999857e-01 8.035009779999999768e-01 3.410767120000000041e-01 1.922825419999999730e-01 1.800646619999999865e-01 1.378479899999999758e-01 8.100272199999999923e-02 1.822513040000000029e-01 2.273822659999999996e-01 7.764864799999999789e-01 6.609651320000000663e-01
1.811618759999999995e-01 1.536767259999999857e-01 3.492062040000000200e-01 6.289581220000000084e-01 1.401469000000000187e-01 1.676838659999999870e-01 3.728987260000000137e-01 5.847927680000000183e-01 5.180248739999999685e-01 6.404657620000000495e-01 3.872675019999999857e-01 0.000000000000000000e+00 3.807553039999999611e-01 6.648657900000000120e-01 1.566974360000000233e-01 1.883857139999999819e-01 7.113141199999999109e-02 6.871981400000000406e-02 1.289684019999999820e-01 2.410489639999999767e-01 4.490442760000000755e-01 5.826907180000000519e-01
2.398516879999999796e-01 2.122639999999999527e-01 6.615447020000000400e-01 4.589791519999999458e-01 2.289909419999999751e-01 2.301170939999999943e-01 4.638000919999999416e-01 3.959697400000000145e-01 7.327808620000000328e-01 5.496325059999999096e-01 8.035009779999999768e-01 3.807553039999999611e-01 0.000000000000000000e+00 3.282737939999999521e-01 1.592731140000000212e-01 1.652627460000000159e-01 9.714332000000000522e-02 1.181861940000000083e-01 1.548265399999999847e-01 2.126168119999999884e-01 7.662983620000000107e-01 6.361731620000000698e-01
1.630620079999999805e-01 1.705338100000000079e-01 3.290698639999999897e-01 5.712235359999999762e-01 1.531136080000000121e-01 1.558252400000000037e-01 3.099363880000000071e-01 5.125105100000000302e-01 4.502400599999999420e-01 7.259053580000000006e-01 3.410767120000000041e-01 6.648657900000000120e-01 3.282737939999999521e-01 0.000000000000000000e+00 1.117917319999999909e-01 1.748058979999999873e-01 8.104152800000000156e-02 9.921768999999999727e-02 1.226193120000000081e-01 1.966801300000000086e-01 3.819915680000000036e-01 5.181539560000001376e-01
1.087617700000000076e-01 1.050873020000000074e-01 2.090384399999999920e-01 1.457613839999999938e-01 1.186399320000000035e-01 9.505864599999999665e-02 6.346050859999999849e-01 1.874681940000000047e-01 2.343329040000000085e-01 1.589497219999999877e-01 1.922825419999999730e-01 1.566974360000000233e-01 1.592731140000000212e-01 1.117917319999999909e-01 0.000000000000000000e+00 2.330863680000000160e-01 2.360642100000000243e-01 1.628975179999999912e-01 2.095565940000000127e-01 2.943387840000000200e-01 1.769299000000000288e-01 1.593707160000000234e-01
7.831940200000001018e-02 8.480237399999999981e-02 1.744667179999999929e-01 2.117870100000000255e-01 7.271560600000000207e-02 6.242999200000000359e-02 3.549163840000000292e-01 5.131494839999999336e-01 2.277124060000000338e-01 2.482576999999999701e-01 1.800646619999999865e-01 1.883857139999999819e-01 1.652627460000000159e-01 1.748058979999999873e-01 2.330863680000000160e-01 0.000000000000000000e+00 1.566394600000000081e-01 1.262065400000000059e-01 2.284701199999999710e-01 2.187787520000000208e-01 1.872937279999999927e-01 1.880371599999999810e-01
1.253993800000000047e-01 1.277143279999999881e-01 5.528090999999999561e-02 6.876968799999999549e-02 1.256411859999999880e-01 1.207372879999999843e-01 2.701105520000000038e-01 1.949143540000000119e-01 1.100659599999999905e-01 9.971844199999999048e-02 1.378479899999999758e-01 7.113141199999999109e-02 9.714332000000000522e-02 8.104152800000000156e-02 2.360642100000000243e-01 1.566394600000000081e-01 0.000000000000000000e+00 1.518235379999999801e-01 8.953153779999999395e-01 2.382629679999999917e-01 1.052353040000000017e-01 1.053284599999999988e-01
9.187946799999999192e-02 1.110076440000000025e-01 1.192229119999999865e-01 9.471773800000000965e-02 8.750927399999999801e-02 9.088334400000000479e-02 1.490949399999999814e-01 1.224485039999999997e-01 1.057481859999999940e-01 8.558606000000000547e-02 8.100272199999999923e-02 6.871981400000000406e-02 1.181861940000000083e-01 9.921768999999999727e-02 1.628975179999999912e-01 1.262065400000000059e-01 1.518235379999999801e-01 0.000000000000000000e+00 1.787319879999999805e-01 6.626343160000000010e-01 9.558767799999999537e-02 8.998019399999999945e-02
1.381802919999999824e-01 1.330101680000000119e-01 9.385216400000000181e-02 1.293828900000000004e-01 1.208630939999999904e-01 1.337319819999999715e-01 2.704223820000000167e-01 3.143897459999999699e-01 1.617759820000000126e-01 1.751258900000000063e-01 1.822513040000000029e-01 1.289684019999999820e-01 1.548265399999999847e-01 1.226193120000000081e-01 2.095565940000000127e-01 2.284701199999999710e-01 8.953153779999999395e-01 1.787319879999999805e-01 0.000000000000000000e+00 2.352107799999999804e-01 1.698928580000000077e-01 1.711811299999999869e-01
1.122219679999999914e-01 1.286458899999999850e-01 2.313417200000000007e-01 2.237397039999999837e-01 1.102919519999999987e-01 1.170162659999999938e-01 4.676070199999999843e-01 3.303573639999999867e-01 2.659628680000000189e-01 2.672419879999999859e-01 2.273822659999999996e-01 2.410489639999999767e-01 2.126168119999999884e-01 1.966801300000000086e-01 2.943387840000000200e-01 2.187787520000000208e-01 2.382629679999999917e-01 6.626343160000000010e-01 2.352107799999999804e-01 0.000000000000000000e+00 2.418166939999999987e-01 2.542465639999999527e-01
2.504477099999999901e-01 2.245226199999999783e-01 6.723649459999999634e-01 5.387122140000000226e-01 2.334295400000000187e-01 2.357123319999999966e-01 5.125949220000000084e-01 4.631430380000000069e-01 6.956455580000000527e-01 6.218126880000000023e-01 7.764864799999999789e-01 4.490442760000000755e-01 7.662983620000000107e-01 3.819915680000000036e-01 1.769299000000000288e-01 1.872937279999999927e-01 1.052353040000000017e-01 9.558767799999999537e-02 1.698928580000000077e-01 2.418166939999999987e-01 0.000000000000000000e+00 7.595832000000000139e-01
2.452482240000000147e-01 2.040449740000000178e-01 5.973575700000000044e-01 6.364594340000000461e-01 2.296485520000000058e-01 2.369717299999999915e-01 4.623358740000000355e-01 5.522531820000000646e-01 7.054856760000000060e-01 6.839254799999999745e-01 6.609651320000000663e-01 5.826907180000000519e-01 6.361731620000000698e-01 5.181539560000001376e-01 1.593707160000000234e-01 1.880371599999999810e-01 1.053284599999999988e-01 8.998019399999999945e-02 1.711811299999999869e-01 2.542465639999999527e-01 7.595832000000000139e-01 0.000000000000000000e+00
