0.000000000000000000e+00 1.866135699999999786e-01 9.028640599999999961e-02 4.111071140000001067e-01 1.923363280000000286e-01 6.863302439999999782e-01 6.033805999999999198e-02 9.480597600000000014e-02 1.353164299999999876e-01 8.087398399999999599e-02 9.685699799999998583e-02 8.189004399999999517e-02 1.058516659999999970e-01 6.544721200000000461e-02 9.398727999999999250e-02 9.945786199999999411e-02 7.607950199999999330e-02 8.228266800000000325e-02 9.000852000000000852e-02 8.293989200000000117e-02 7.066274999999999640e-02 6.856271599999999578e-02
1.866135699999999786e-01 0.000000000000000000e+00 1.205300659999999774e-01 1.659910899999999800e-01 6.468425799999999448e-01 8.541066199999999831e-02 6.153326199999999829e-02 5.515837399999998919e-02 1.027447860000000046e-01 8.698853000000000835e-02 1.017472239999999972e-01 7.288641199999999765e-02 1.301829160000000096e-01 8.238347000000000031e-02 7.631875999999999938e-02 9.531389800000000800e-02 7.504465000000000441e-02 9.029632399999999726e-02 8.532055200000000783e-02 9.382829600000000547e-02 8.451606199999998903e-02 1.218285839999999898e-01
9.028640599999999961e-02 1.205300659999999774e-01 0.000000000000000000e+00 8.501918999999999449e-02 1.686062660000000046e-01 1.265530500000000003e-01 1.568572540000000015e-01 2.013829560000000019e-01 7.148441399999999613e-02 9.057013399999999659e-02 5.289165359999999927e-01 9.069321999999999107e-02 4.386185079999999625e-01 1.101397240000000083e-01 6.782202000000001063e-02 1.375129800000000069e-01 2.703022299999999767e-01 2.451765780000000061e-01 2.787052900000000499e-01 2.418813200000000108e-01 3.899737699999999974e-01 2.148570080000000160e-01
4.111071140000001067e-01 1.659910899999999800e-01 8.501918999999999449e-02 0.000000000000000000e+00 1.764700060000000126e-01 3.684695840000000167e-01 1.579790199999999978e-01 1.831689760000000111e-01 2.048658719999999767e-01 1.894556300000000137e-01 9.995605000000000462e-02 4.135373980000000005e-01 6.147334399999999921e-02 3.496005420000000141e-01 9.221554800000000829e-02 8.870739800000000674e-02 1.588402640000000088e-01 1.547681880000000010e-01 1.747547959999999900e-01 1.487827339999999998e-01 7.118536400000000097e-02 2.442540160000000182e-01
1.923363280000000286e-01 6.468425799999999448e-01 1.686062660000000046e-01 1.764700060000000126e-01 0.000000000000000000e+00 2.134070760000000289e-01 1.089636720000000114e-01 8.728259200000000606e-02 1.142407520000000148e-01 1.102631459999999786e-01 1.141160699999999861e-01 1.053442199999999884e-01 1.432450180000000017e-01 1.089777640000000047e-01 1.039562779999999992e-01 4.590467599999999843e-02 1.125587680000000035e-01 1.044826499999999825e-01 1.183090740000000141e-01 1.101295280000000043e-01 1.164824320000000107e-01 1.263481860000000012e-01
6.863302439999999782e-01 8.541066199999999831e-02 1.265530500000000003e-01 3.684695840000000167e-01 2.134070760000000289e-01 0.000000000000000000e+00 8.473003399999998186e-02 6.803700199999999920e-02 9.734261800000000575e-02 9.513316000000000827e-02 1.050474859999999955e-01 7.505946399999999241e-02 1.109295620000000093e-01 9.445581999999999590e-02 6.709584400000000171e-02 6.793723199999998630e-02 9.029114200000000479e-02 7.903218599999999039e-02 1.002719120000000047e-01 7.443762000000000989e-02 9.759496599999999134e-02 7.125519999999999077e-02
6.033805999999999198e-02 6.153326199999999829e-02 1.568572540000000015e-01 1.579790199999999978e-01 1.089636720000000114e-01 8.473003399999998186e-02 0.000000000000000000e+00 6.755119739999999595e-01 1.294747479999999729e-01 2.110657960000000277e-01 8.107039599999998902e-02 1.486333099999999907e-01 9.944486000000000991e-02 1.834661959999999981e-01 3.617401900000000170e-01 2.224364500000000078e-01 6.137561339999999532e-01 7.008876659999999648e-01 6.747696199999999589e-01 6.612034460000000280e-01 1.549736899999999973e-01 2.177531940000000110e-01
9.480597600000000014e-02 5.515837399999998919e-02 2.013829560000000019e-01 1.831689760000000111e-01 8.728259200000000606e-02 6.803700199999999920e-02 6.755119739999999595e-01 0.000000000000000000e+00 1.559852100000000130e-01 2.138466840000000091e-01 7.538181199999999249e-02 1.972271680000000083e-01 8.752626799999999041e-02 1.451473379999999869e-01 2.005175859999999977e-01 3.820073560000000201e-01 6.439516760000000284e-01 6.731663640000000726e-01 7.091271780000000247e-01 6.593436959999999791e-01 1.602085019999999749e-01 2.504623540000000537e-01
1.353164299999999876e-01 1.027447860000000046e-01 7.148441399999999613e-02 2.048658719999999767e-01 1.142407520000000148e-01 9.734261800000000575e-02 1.294747479999999729e-01 1.559852100000000130e-01 0.000000000000000000e+00 1.039183920000000122e-01 7.874178400000000910e-02 1.537712820000000091e-01 2.721846800000000122e-01 1.063957140000000023e-01 1.898187539999999784e-01 5.377078799999999992e-02 8.954533400000000420e-02 1.272784720000000314e-01 9.496551400000000087e-02 1.270493699999999948e-01 1.274668339999999733e-01 2.246655420000000236e-01
8.087398399999999599e-02 8.698853000000000835e-02 9.057013399999999659e-02 1.894556300000000137e-01 1.102631459999999786e-01 9.513316000000000827e-02 2.110657960000000277e-01 2.138466840000000091e-01 1.039183920000000122e-01 0.000000000000000000e+00 1.420429900000000079e-01 2.101301940000000479e-01 1.628147139999999715e-01 4.617300659999999946e-01 1.081884780000000046e-01 1.104408940000000117e-01 1.888733020000000207e-01 1.793505519999999964e-01 1.919111139999999938e-01 1.880873060000000097e-01 1.060164859999999931e-01 9.075565800000000294e-02
9.685699799999998583e-02 1.017472239999999972e-01 5.289165359999999927e-01 9.995605000000000462e-02 1.141160699999999861e-01 1.050474859999999955e-01 8.107039599999998902e-02 7.538181199999999249e-02 7.874178400000000910e-02 1.420429900000000079e-01 0.000000000000000000e+00 8.151024199999999664e-02 5.582767779999999735e-01 1.253299539999999934e-01 1.513931379999999827e-01 9.885727999999999183e-02 1.697920119999999922e-01 1.461117200000000005e-01 1.647637920000000200e-01 1.344368260000000093e-01 4.502999879999999844e-01 2.363334800000000124e-01
8.189004399999999517e-02 7.288641199999999765e-02 9.069321999999999107e-02 4.135373980000000005e-01 1.053442199999999884e-01 7.505946399999999241e-02 1.486333099999999907e-01 1.972271680000000083e-01 1.537712820000000091e-01 2.101301940000000479e-01 8.151024199999999664e-02 0.000000000000000000e+00 8.877857799999999688e-02 2.245176219999999723e-01 8.423079599999998279e-02 1.068949780000000016e-01 1.492786020000000102e-01 1.274265119999999918e-01 1.600942160000000114e-01 1.410524800000000079e-01 9.270708399999998128e-02 2.161247359999999840e-01
1.058516659999999970e-01 1.301829160000000096e-01 4.386185079999999625e-01 6.147334399999999921e-02 1.432450180000000017e-01 1.109295620000000093e-01 9.944486000000000991e-02 8.752626799999999041e-02 2.721846800000000122e-01 1.628147139999999715e-01 5.582767779999999735e-01 8.877857799999999688e-02 0.000000000000000000e+00 1.146830100000000019e-01 1.683633299999999777e-01 6.442871800000000981e-02 1.619058359999999974e-01 1.243662120000000038e-01 1.552506939999999946e-01 1.275305619999999862e-01 4.984694139999999996e-01 1.480426659999999894e-01
6.544721200000000461e-02 8.238347000000000031e-02 1.101397240000000083e-01 3.496005420000000141e-01 1.089777640000000047e-01 9.445581999999999590e-02 1.834661959999999981e-01 1.451473379999999869e-01 1.063957140000000023e-01 4.617300659999999946e-01 1.253299539999999934e-01 2.245176219999999723e-01 1.146830100000000019e-01 0.000000000000000000e+00 9.494707000000000841e-02 1.285368159999999982e-01 1.535487540000000095e-01 1.586227739999999942e-01 1.782249760000000072e-01 1.297861479999999901e-01 9.724185200000000362e-02 1.635967920000000186e-01
9.398727999999999250e-02 7.631875999999999938e-02 6.782202000000001063e-02 9.221554800000000829e-02 1.039562779999999992e-01 6.709584400000000171e-02 3.617401900000000170e-01 2.005175859999999977e-01 1.898187539999999784e-01 1.081884780000000046e-01 1.513931379999999827e-01 8.423079599999998279e-02 1.683633299999999777e-01 9.494707000000000841e-02 0.000000000000000000e+00 3.199293079999999678e-01 8.084250800000000736e-02 3.739834240000000087e-01 4.872417800000000687e-02 2.137917980000000051e-01 1.341917219999999855e-01 1.641692220000000035e-01
9.945786199999999411e-02 9.531389800000000800e-02 1.375129800000000069e-01 8.870739800000000674e-02 4.590467599999999843e-02 6.793723199999998630e-02 2.224364500000000078e-01 3.820073560000000201e-01 5.377078799999999992e-02 1.104408940000000117e-01 9.885727999999999183e-02 1.068949780000000016e-01 6.442871800000000981e-02 1.285368159999999982e-01 3.199293079999999678e-01 0.000000000000000000e+00 1.562521639999999989e-01 3.688227560000000294e-01 1.938668639999999999e-01 2.587454839999999701e-01 6.083060200000001139e-02 8.533519600000000205e-02
7.607950199999999330e-02 7.504465000000000441e-02 2.703022299999999767e-01 1.588402640000000088e-01 1.125587680000000035e-01 9.029114200000000479e-02 6.137561339999999532e-01 6.439516760000000284e-01 8.954533400000000420e-02 1.888733020000000207e-01 1.697920119999999922e-01 1.492786020000000102e-01 1.619058359999999974e-01 1.535487540000000095e-01 8.084250800000000736e-02 1.562521639999999989e-01 0.000000000000000000e+00 5.059201439999999605e-01 9.610528499999999585e-01 5.607882419999998813e-01 2.240551219999999955e-01 1.717867560000000127e-01
8.228266800000000325e-02 9.029632399999999726e-02 2.451765780000000061e-01 1.547681880000000010e-01 1.044826499999999825e-01 7.903218599999999039e-02 7.008876659999999648e-01 6.731663640000000726e-01 1.272784720000000314e-01 1.793505519999999964e-01 1.461117200000000005e-01 1.274265119999999918e-01 1.243662120000000038e-01 1.586227739999999942e-01 3.739834240000000087e-01 3.688227560000000294e-01 5.059201439999999605e-01 0.000000000000000000e+00 5.843160840000000134e-01 8.900110599999999650e-01 1.728336939999999822e-01 2.100298200000000060e-01
9.000852000000000852e-02 8.532055200000000783e-02 2.787052900000000499e-01 1.747547959999999900e-01 1.183090740000000141e-01 1.002719120000000047e-01 6.747696199999999589e-01 7.091271780000000247e-01 9.496551400000000087e-02 1.919111139999999938e-01 1.647637920000000200e-01 1.600942160000000114e-01 1.552506939999999946e-01 1.782249760000000072e-01 4.872417800000000687e-02 1.938668639999999999e-01 9.610528499999999585e-01 5.843160840000000134e-01 0.000000000000000000e+00 6.079978300000000724e-01 2.195806479999999894e-01 2.005007899999999843e-01
8.293989200000000117e-02 9.382829600000000547e-02 2.418813200000000108e-01 1.487827339999999998e-01 1.101295280000000043e-01 7.443762000000000989e-02 6.612034460000000280e-01 6.593436959999999791e-01 1.270493699999999948e-01 1.880873060000000097e-01 1.344368260000000093e-01 1.410524800000000079e-01 1.275305619999999862e-01 1.297861479999999901e-01 2.137917980000000051e-01 2.587454839999999701e-01 5.607882419999998813e-01 8.900110599999999650e-01 6.079978300000000724e-01 0.000000000000000000e+00 1.796359839999999986e-01 1.771844360000000007e-01
7.066274999999999640e-02 8.451606199999998903e-02 3.899737699999999974e-01 7.118536400000000097e-02 1.164824320000000107e-01 9.759496599999999134e-02 1.549736899999999973e-01 1.602085019999999749e-01 1.274668339999999733e-01 1.060164859999999931e-01 4.502999879999999844e-01 9.270708399999998128e-02 4.984694139999999996e-01 9.724185200000000362e-02 1.341917219999999855e-01 6.083060200000001139e-02 2.240551219999999955e-01 1.728336939999999822e-01 2.195806479999999894e-01 1.796359839999999986e-01 0.000000000000000000e+00 2.471752600000000355e-01
6.856271599999999578e-02 1.218285839999999898e-01 2.148570080000000160e-01 2.442540160000000182e-01 1.263481860000000012e-01 7.125519999999999077e-02 2.177531940000000110e-01 2.504623540000000537e-01 2.246655420000000236e-01 9.075565800000000294e-02 2.363334800000000124e-01 2.161247359999999840e-01 1.480426659999999894e-01 1.635967920000000186e-01 1.641692220000000035e-01 8.533519600000000205e-02 1.717867560000000127e-01 2.100298200000000060e-01 2.005007899999999843e-01 1.771844360000000007e-01 2.471752600000000355e-01 0.000000000000000000e+00
