0.000000000000000000e+00 3.674521979999999521e-01 1.950313320000000294e-01 2.357085559999999858e-01 5.093094719999999853e-01 8.087448700000001711e-01 3.422733779999999615e-01 2.310593540000000223e-01 2.394775939999999603e-01 2.105938740000000142e-01 2.368096279999999942e-01 1.888130980000000125e-01 1.914714359999999949e-01 1.891548420000000175e-01 2.877136120000000075e-01 2.825807379999999980e-01 2.438389260000000114e-01 1.752264440000000090e-01 2.114108459999999856e-01 2.819937419999999917e-01 2.777772599999999703e-01 3.099923940000000044e-01
3.674521979999999521e-01 0.000000000000000000e+00 1.277158560000000165e-01 2.195309260000000151e-01 7.153401040000000322e-01 3.789012860000000038e-01 2.131918899999999950e-01 2.707345899999999972e-01 1.431264439999999916e-01 1.538002179999999885e-01 1.741408159999999761e-01 2.512932359999999754e-01 2.097168159999999726e-01 1.880129739999999994e-01 2.013015559999999926e-01 1.930266880000000296e-01 2.164671959999999729e-01 2.787150600000000145e-01 1.749460140000000108e-01 3.698632200000000481e-01 1.227965919999999961e-01 1.461141239999999841e-01
1.950313320000000294e-01 1.277158560000000165e-01 0.000000000000000000e+00 2.968223520000000670e-01 2.266295200000000010e-01 1.960580499999999837e-01 3.968775540000000213e-01 2.237063739999999856e-01 3.235319600000000073e-01 4.139800400000000491e-01 5.369628659999999831e-01 3.514114600000000643e-01 5.251674640000000283e-01 2.894941480000000067e-01 2.684102780000000021e-01 2.465368799999999860e-01 2.649586179999999791e-01 2.365636480000000152e-01 2.670187440000000301e-01 2.629635160000000083e-01 5.416341919999999588e-01 3.245689699999999567e-01
2.357085559999999858e-01 2.195309260000000151e-01 2.968223520000000670e-01 0.000000000000000000e+00 2.222906819999999894e-01 2.734554420000000485e-01 2.732304660000000052e-01 4.306948140000000369e-01 4.484289340000000013e-01 4.623336020000000102e-01 3.683602839999999823e-01 5.435388300000000283e-01 3.037296400000000229e-01 3.367799900000000290e-01 2.417573700000000270e-01 1.432338300000000064e-01 3.251380720000000002e-01 2.781678820000000329e-01 2.202627199999999674e-01 2.226319520000000218e-01 2.992047139999999827e-01 3.526370739999999948e-01
5.093094719999999853e-01 7.153401040000000322e-01 2.266295200000000010e-01 2.222906819999999894e-01 0.000000000000000000e+00 5.086136760000000701e-01 2.423994519999999875e-01 2.617270639999999537e-01 1.120096999999999898e-01 1.504006800000000088e-01 1.660804840000000282e-01 2.989107020000000281e-01 1.413008219999999926e-01 2.575699759999999783e-01 1.822618179999999921e-01 2.672037780000000029e-01 2.839368379999999692e-01 2.825578320000000088e-01 1.529600619999999800e-01 3.427992480000000008e-01 1.357625979999999843e-01 1.450283440000000035e-01
8.087448700000001711e-01 3.789012860000000038e-01 1.960580499999999837e-01 2.734554420000000485e-01 5.086136760000000701e-01 0.000000000000000000e+00 3.353513200000000083e-01 2.040625140000000004e-01 2.306556319999999993e-01 1.822062979999999610e-01 1.927249360000000133e-01 1.933203199999999899e-01 1.532223960000000107e-01 1.888505219999999929e-01 2.503033700000000250e-01 2.797176579999999801e-01 2.633584420000000259e-01 1.713269580000000014e-01 1.663777920000000243e-01 3.222837920000000134e-01 1.854263979999999923e-01 2.197188140000000123e-01
3.422733779999999615e-01 2.131918899999999950e-01 3.968775540000000213e-01 2.732304660000000052e-01 2.423994519999999875e-01 3.353513200000000083e-01 0.000000000000000000e+00 3.191487819999999642e-01 3.451349639999999885e-01 4.045278239999999803e-01 4.294946279999999339e-01 3.789547659999999984e-01 3.537229459999999825e-01 2.543373180000000344e-01 3.587424840000000281e-01 2.876037359999999987e-01 2.531806639999999997e-01 2.120761259999999759e-01 2.676684679999999927e-01 4.038919440000000027e-01 4.116967999999999739e-01 3.459469399999999806e-01
2.310593540000000223e-01 2.707345899999999972e-01 2.237063739999999856e-01 4.306948140000000369e-01 2.617270639999999537e-01 2.040625140000000004e-01 3.191487819999999642e-01 0.000000000000000000e+00 2.858833299999999911e-01 3.201696120000000478e-01 3.084095999999999504e-01 4.692656040000001139e-01 2.574492720000000068e-01 2.521596980000000432e-01 2.430813560000000262e-01 3.054133820000000110e-01 2.469490459999999776e-01 2.352322940000000084e-01 3.068904200000000526e-01 3.439702339999999858e-01 1.817864279999999999e-01 2.789995040000000093e-01
2.394775939999999603e-01 1.431264439999999916e-01 3.235319600000000073e-01 4.484289340000000013e-01 1.120096999999999898e-01 2.306556319999999993e-01 3.451349639999999885e-01 2.858833299999999911e-01 0.000000000000000000e+00 3.476602899999999829e-01 4.253582159999999557e-01 3.468507840000000231e-01 4.143495040000000351e-01 3.250657679999999772e-01 2.568926040000000244e-01 2.625261319999999676e-01 2.568146980000000079e-01 1.812910020000000066e-01 2.808975400000000011e-01 2.144200619999999946e-01 4.516845260000000306e-01 5.116361580000000631e-01
2.105938740000000142e-01 1.538002179999999885e-01 4.139800400000000491e-01 4.623336020000000102e-01 1.504006800000000088e-01 1.822062979999999610e-01 4.045278239999999803e-01 3.201696120000000478e-01 3.476602899999999829e-01 0.000000000000000000e+00 4.752502520000000397e-01 4.561595719999999576e-01 5.035950500000000440e-01 5.172451099999999524e-01 3.016626519999999756e-01 1.591915500000000150e-01 2.844128879999999748e-01 1.340466419999999936e-01 2.666841080000000308e-01 2.741407020000000139e-01 5.651382640000000013e-01 5.198825260000000670e-01
2.368096279999999942e-01 1.741408159999999761e-01 5.369628659999999831e-01 3.683602839999999823e-01 1.660804840000000282e-01 1.927249360000000133e-01 4.294946279999999339e-01 3.084095999999999504e-01 4.253582159999999557e-01 4.752502520000000397e-01 0.000000000000000000e+00 4.280033559999999460e-01 7.599533620000000766e-01 2.890869480000000102e-01 2.168334479999999842e-01 1.498180960000000117e-01 2.517532260000000521e-01 2.004774079999999681e-01 2.328012240000000010e-01 2.862865880000000085e-01 6.570645019999999947e-01 4.883584879999999795e-01
1.888130980000000125e-01 2.512932359999999754e-01 3.514114600000000643e-01 5.435388300000000283e-01 2.989107020000000281e-01 1.933203199999999899e-01 3.789547659999999984e-01 4.692656040000001139e-01 3.468507840000000231e-01 4.561595719999999576e-01 4.280033559999999460e-01 0.000000000000000000e+00 3.323767599999999933e-01 6.077986039999998535e-01 2.830363099999999577e-01 2.991248359999999495e-01 1.722784820000000106e-01 2.505894140000000103e-01 1.783293819999999807e-01 3.092553319999999939e-01 2.918612340000000249e-01 4.436000740000000109e-01
1.914714359999999949e-01 2.097168159999999726e-01 5.251674640000000283e-01 3.037296400000000229e-01 1.413008219999999926e-01 1.532223960000000107e-01 3.537229459999999825e-01 2.574492720000000068e-01 4.143495040000000351e-01 5.035950500000000440e-01 7.599533620000000766e-01 3.323767599999999933e-01 0.000000000000000000e+00 2.976899339999999894e-01 2.607262559999999896e-01 1.721984699999999924e-01 2.923924700000000154e-01 1.959470199999999995e-01 3.080682399999999932e-01 2.892422739999999659e-01 6.063857959999999769e-01 4.205417499999999364e-01
1.891548420000000175e-01 1.880129739999999994e-01 2.894941480000000067e-01 3.367799900000000290e-01 2.575699759999999783e-01 1.888505219999999929e-01 2.543373180000000344e-01 2.521596980000000432e-01 3.250657679999999772e-01 5.172451099999999524e-01 2.890869480000000102e-01 6.077986039999998535e-01 2.976899339999999894e-01 0.000000000000000000e+00 2.424634880000000048e-01 2.601940140000000290e-01 1.423658940000000206e-01 2.445283379999999840e-01 1.536697800000000058e-01 2.362016919999999909e-01 2.212189139999999887e-01 2.374173660000000186e-01
2.877136120000000075e-01 2.013015559999999926e-01 2.684102780000000021e-01 2.417573700000000270e-01 1.822618179999999921e-01 2.503033700000000250e-01 3.587424840000000281e-01 2.430813560000000262e-01 2.568926040000000244e-01 3.016626519999999756e-01 2.168334479999999842e-01 2.830363099999999577e-01 2.607262559999999896e-01 2.424634880000000048e-01 0.000000000000000000e+00 3.271039259999999893e-01 3.143448739999999964e-01 2.821297219999999717e-01 2.787583860000000247e-01 3.849541520000000494e-01 3.288631579999999888e-01 3.125495999999999830e-01
2.825807379999999980e-01 1.930266880000000296e-01 2.465368799999999860e-01 1.432338300000000064e-01 2.672037780000000029e-01 2.797176579999999801e-01 2.876037359999999987e-01 3.054133820000000110e-01 2.625261319999999676e-01 1.591915500000000150e-01 1.498180960000000117e-01 2.991248359999999495e-01 1.721984699999999924e-01 2.601940140000000290e-01 3.271039259999999893e-01 0.000000000000000000e+00 2.273851119999999726e-01 4.113836920000000785e-01 2.752121019999999585e-01 4.328752859999999703e-01 1.566152620000000051e-01 2.318256079999999886e-01
2.438389260000000114e-01 2.164671959999999729e-01 2.649586179999999791e-01 3.251380720000000002e-01 2.839368379999999692e-01 2.633584420000000259e-01 2.531806639999999997e-01 2.469490459999999776e-01 2.568146980000000079e-01 2.844128879999999748e-01 2.517532260000000521e-01 1.722784820000000106e-01 2.923924700000000154e-01 1.423658940000000206e-01 3.143448739999999964e-01 2.273851119999999726e-01 0.000000000000000000e+00 2.736795220000000084e-01 6.063569079999999722e-01 1.665996339999999964e-01 3.000937619999999861e-01 1.850731520000000185e-01
1.752264440000000090e-01 2.787150600000000145e-01 2.365636480000000152e-01 2.781678820000000329e-01 2.825578320000000088e-01 1.713269580000000014e-01 2.120761259999999759e-01 2.352322940000000084e-01 1.812910020000000066e-01 1.340466419999999936e-01 2.004774079999999681e-01 2.505894140000000103e-01 1.959470199999999995e-01 2.445283379999999840e-01 2.821297219999999717e-01 4.113836920000000785e-01 2.736795220000000084e-01 0.000000000000000000e+00 2.104254520000000128e-01 3.318530980000000130e-01 2.458170060000000601e-01 1.520453499999999958e-01
2.114108459999999856e-01 1.749460140000000108e-01 2.670187440000000301e-01 2.202627199999999674e-01 1.529600619999999800e-01 1.663777920000000243e-01 2.676684679999999927e-01 3.068904200000000526e-01 2.808975400000000011e-01 2.666841080000000308e-01 2.328012240000000010e-01 1.783293819999999807e-01 3.080682399999999932e-01 1.536697800000000058e-01 2.787583860000000247e-01 2.752121019999999585e-01 6.063569079999999722e-01 2.104254520000000128e-01 0.000000000000000000e+00 2.452271439999999525e-01 2.664571640000000241e-01 2.132588999999999735e-01
2.819937419999999917e-01 3.698632200000000481e-01 2.629635160000000083e-01 2.226319520000000218e-01 3.427992480000000008e-01 3.222837920000000134e-01 4.038919440000000027e-01 3.439702339999999858e-01 2.144200619999999946e-01 2.741407020000000139e-01 2.862865880000000085e-01 3.092553319999999939e-01 2.892422739999999659e-01 2.362016919999999909e-01 3.849541520000000494e-01 4.328752859999999703e-01 1.665996339999999964e-01 3.318530980000000130e-01 2.452271439999999525e-01 0.000000000000000000e+00 1.793666880000000241e-01 1.489483180000000240e-01
2.777772599999999703e-01 1.227965919999999961e-01 5.416341919999999588e-01 2.992047139999999827e-01 1.357625979999999843e-01 1.854263979999999923e-01 4.116967999999999739e-01 1.817864279999999999e-01 4.516845260000000306e-01 5.651382640000000013e-01 6.570645019999999947e-01 2.918612340000000249e-01 6.063857959999999769e-01 2.212189139999999887e-01 3.288631579999999888e-01 1.566152620000000051e-01 3.000937619999999861e-01 2.458170060000000601e-01 2.664571640000000241e-01 1.793666880000000241e-01 0.000000000000000000e+00 6.363711659999999881e-01
3.099923940000000044e-01 1.461141239999999841e-01 3.245689699999999567e-01 3.526370739999999948e-01 1.450283440000000035e-01 2.197188140000000123e-01 3.459469399999999806e-01 2.789995040000000093e-01 5.116361580000000631e-01 5.198825260000000670e-01 4.883584879999999795e-01 4.436000740000000109e-01 4.205417499999999364e-01 2.374173660000000186e-01 3.125495999999999830e-01 2.318256079999999886e-01 1.850731520000000185e-01 1.520453499999999958e-01 2.132588999999999735e-01 1.489483180000000240e-01 6.363711659999999881e-01 0.000000000000000000e+00
