0.000000000000000000e+00 1.923991600000000135e-01 7.393741200000000791e-02 3.520837840000000107e-01 1.584848759999999968e-01 6.512110599999999527e-01 1.094865659999999935e-01 8.549054999999999849e-02 8.642023800000001033e-02 9.398734599999999939e-02 6.501203799999999422e-02 8.337455400000000350e-02 5.192883000000000221e-02 8.869113800000000269e-02 9.827872399999999786e-02 1.007518540000000018e-01 9.871559399999998985e-02 7.644845200000001395e-02 9.424391000000000018e-02 7.409589600000000831e-02 7.983258399999999810e-02 9.850023599999999102e-02
1.923991600000000135e-01 0.000000000000000000e+00 1.199704039999999888e-01 1.262216159999999809e-01 5.760812900000000791e-01 9.296161599999999692e-02 9.797031000000000489e-02 8.882129800000000686e-02 7.812447799999999720e-02 5.022493399999998498e-02 9.864773800000001258e-02 5.633783999999999320e-02 1.156187499999999924e-01 6.476609599999999523e-02 1.019528839999999936e-01 7.045866600000000313e-02 7.362046399999999657e-02 9.761633999999999589e-02 7.582375599999999216e-02 9.861267999999998035e-02 1.008961579999999997e-01 1.056018160000000011e-01
7.393741200000000791e-02 1.199704039999999888e-01 0.000000000000000000e+00 1.057130879999999828e-01 1.941440260000000251e-01 1.205394319999999880e-01 1.850734639999999931e-01 2.802716420000000430e-01 1.102145439999999976e-01 1.240520479999999981e-01 5.312547639999999349e-01 1.053088439999999987e-01 4.551283619999999530e-01 1.130495299999999953e-01 1.151931940000000126e-01 1.222751099999999924e-01 2.845706840000000182e-01 2.512653919999999763e-01 3.140883839999999982e-01 2.431993279999999924e-01 3.982576859999999996e-01 2.412220459999999955e-01
3.520837840000000107e-01 1.262216159999999809e-01 1.057130879999999828e-01 0.000000000000000000e+00 1.330541279999999937e-01 3.008451900000000401e-01 1.387407119999999883e-01 1.360810219999999959e-01 1.604919840000000042e-01 1.876413560000000091e-01 1.045895300000000139e-01 4.218099699999999785e-01 8.018742999999999010e-02 3.122122279999999805e-01 1.044998719999999937e-01 8.420323600000000075e-02 1.473764439999999953e-01 1.277111019999999930e-01 1.440447800000000111e-01 1.243879919999999889e-01 6.632543999999999940e-02 1.763260839999999940e-01
1.584848759999999968e-01 5.760812900000000791e-01 1.941440260000000251e-01 1.330541279999999937e-01 0.000000000000000000e+00 1.490297720000000048e-01 6.648961800000000033e-02 9.314028400000000374e-02 1.286738759999999926e-01 5.244302800000000264e-02 1.014346780000000142e-01 6.108125799999999245e-02 1.230513020000000013e-01 9.073884800000001083e-02 7.549658400000000547e-02 8.314864600000000661e-02 6.311081799999999908e-02 7.670773999999999648e-02 5.699039599999999872e-02 5.891221399999999747e-02 7.748740800000000761e-02 1.085986379999999973e-01
6.512110599999999527e-01 9.296161599999999692e-02 1.205394319999999880e-01 3.008451900000000401e-01 1.490297720000000048e-01 0.000000000000000000e+00 8.062748399999999926e-02 8.636814599999999287e-02 9.793274399999998825e-02 1.018933260000000063e-01 6.250436399999999282e-02 8.730802000000000007e-02 6.569193600000000632e-02 7.164950600000000169e-02 6.390465599999999025e-02 8.457219600000000226e-02 7.430263600000000523e-02 8.565476599999999330e-02 6.479406999999999528e-02 9.077604599999999913e-02 7.891171999999999076e-02 8.283051399999999398e-02
1.094865659999999935e-01 9.797031000000000489e-02 1.850734639999999931e-01 1.387407119999999883e-01 6.648961800000000033e-02 8.062748399999999926e-02 0.000000000000000000e+00 7.007351039999999420e-01 1.112155199999999844e-01 2.425140240000000225e-01 1.338762799999999864e-01 1.028923980000000099e-01 1.252631579999999856e-01 1.567647719999999967e-01 4.114106100000000099e-01 2.397800220000000093e-01 5.996526760000000511e-01 7.362232720000000397e-01 6.650863479999999939e-01 7.017401359999999588e-01 2.158990679999999995e-01 2.591605040000000137e-01
8.549054999999999849e-02 8.882129800000000686e-02 2.802716420000000430e-01 1.360810219999999959e-01 9.314028400000000374e-02 8.636814599999999287e-02 7.007351039999999420e-01 0.000000000000000000e+00 1.494223699999999988e-01 2.870325519999999964e-01 1.813055299999999925e-01 2.023102900000000037e-01 1.650154219999999949e-01 1.285800759999999876e-01 2.271229040000000143e-01 3.356291660000000343e-01 6.289121680000000492e-01 6.878869940000000849e-01 6.939204960000001643e-01 6.793970899999999258e-01 2.498231279999999777e-01 2.995611420000000025e-01
8.642023800000001033e-02 7.812447799999999720e-02 1.102145439999999976e-01 1.604919840000000042e-01 1.286738759999999926e-01 9.793274399999998825e-02 1.112155199999999844e-01 1.494223699999999988e-01 0.000000000000000000e+00 9.196508800000000039e-02 1.314919599999999911e-01 1.216906859999999924e-01 2.526009040000000150e-01 1.175385120000000116e-01 1.463162320000000183e-01 4.663081399999999960e-02 6.996345000000001035e-02 1.462127900000000369e-01 7.631615599999999611e-02 1.363955459999999786e-01 1.094349779999999883e-01 1.699757339999999894e-01
9.398734599999999939e-02 5.022493399999998498e-02 1.240520479999999981e-01 1.876413560000000091e-01 5.244302800000000264e-02 1.018933260000000063e-01 2.425140240000000225e-01 2.870325519999999964e-01 9.196508800000000039e-02 0.000000000000000000e+00 1.478703899999999627e-01 3.060055819999999982e-01 1.518635639999999787e-01 5.168922300000000636e-01 6.124372999999999623e-02 8.340883600000000009e-02 2.068735799999999736e-01 2.281808999999999921e-01 2.299625760000000019e-01 2.372416920000000040e-01 1.224136579999999946e-01 1.694569419999999993e-01
6.501203799999999422e-02 9.864773800000001258e-02 5.312547639999999349e-01 1.045895300000000139e-01 1.014346780000000142e-01 6.250436399999999282e-02 1.338762799999999864e-01 1.813055299999999925e-01 1.314919599999999911e-01 1.478703899999999627e-01 0.000000000000000000e+00 1.308234460000000099e-01 5.352179419999999466e-01 1.256015540000000041e-01 1.508855939999999840e-01 9.406075999999999326e-02 1.851288020000000090e-01 1.787654200000000082e-01 2.040165400000000240e-01 1.658857220000000132e-01 4.486589900000000353e-01 2.637162700000000304e-01
8.337455400000000350e-02 5.633783999999999320e-02 1.053088439999999987e-01 4.218099699999999785e-01 6.108125799999999245e-02 8.730802000000000007e-02 1.028923980000000099e-01 2.023102900000000037e-01 1.216906859999999924e-01 3.060055819999999982e-01 1.308234460000000099e-01 0.000000000000000000e+00 1.246196659999999901e-01 2.773871780000000120e-01 6.374022199999999916e-02 5.746916800000000103e-02 8.633871799999999486e-02 1.321219020000000133e-01 9.101155400000000839e-02 1.143041179999999962e-01 1.028669320000000081e-01 2.001799940000000277e-01
5.192883000000000221e-02 1.156187499999999924e-01 4.551283619999999530e-01 8.018742999999999010e-02 1.230513020000000013e-01 6.569193600000000632e-02 1.252631579999999856e-01 1.650154219999999949e-01 2.526009040000000150e-01 1.518635639999999787e-01 5.352179419999999466e-01 1.246196659999999901e-01 0.000000000000000000e+00 1.136268119999999937e-01 1.292902340000000039e-01 1.149111579999999994e-01 1.659173939999999958e-01 1.693622939999999966e-01 1.832933200000000373e-01 1.399824300000000188e-01 4.920362200000000241e-01 1.573809639999999843e-01
8.869113800000000269e-02 6.476609599999999523e-02 1.130495299999999953e-01 3.122122279999999805e-01 9.073884800000001083e-02 7.164950600000000169e-02 1.567647719999999967e-01 1.285800759999999876e-01 1.175385120000000116e-01 5.168922300000000636e-01 1.256015540000000041e-01 2.773871780000000120e-01 1.136268119999999937e-01 0.000000000000000000e+00 5.079679599999999823e-02 1.285529480000000002e-01 1.281914120000000046e-01 1.190679900000000124e-01 1.433260219999999974e-01 1.168384300000000070e-01 1.354552039999999957e-01 8.249145399999999184e-02
9.827872399999999786e-02 1.019528839999999936e-01 1.151931940000000126e-01 1.044998719999999937e-01 7.549658400000000547e-02 6.390465599999999025e-02 4.114106100000000099e-01 2.271229040000000143e-01 1.463162320000000183e-01 6.124372999999999623e-02 1.508855939999999840e-01 6.374022199999999916e-02 1.292902340000000039e-01 5.079679599999999823e-02 0.000000000000000000e+00 3.334961479999999368e-01 7.517588000000000048e-02 4.033185879999999779e-01 5.598708999999999630e-02 2.360193559999999857e-01 1.627200040000000014e-01 1.700092619999999943e-01
1.007518540000000018e-01 7.045866600000000313e-02 1.222751099999999924e-01 8.420323600000000075e-02 8.314864600000000661e-02 8.457219600000000226e-02 2.397800220000000093e-01 3.356291660000000343e-01 4.663081399999999960e-02 8.340883600000000009e-02 9.406075999999999326e-02 5.746916800000000103e-02 1.149111579999999994e-01 1.285529480000000002e-01 3.334961479999999368e-01 0.000000000000000000e+00 1.005568760000000034e-01 3.393780200000000025e-01 1.624208119999999977e-01 2.283489980000000252e-01 1.018073580000000006e-01 1.309616379999999913e-01
9.871559399999998985e-02 7.362046399999999657e-02 2.845706840000000182e-01 1.473764439999999953e-01 6.311081799999999908e-02 7.430263600000000523e-02 5.996526760000000511e-01 6.289121680000000492e-01 6.996345000000001035e-02 2.068735799999999736e-01 1.851288020000000090e-01 8.633871799999999486e-02 1.659173939999999958e-01 1.281914120000000046e-01 7.517588000000000048e-02 1.005568760000000034e-01 0.000000000000000000e+00 4.730101680000000641e-01 9.532045099999999493e-01 5.235613880000000719e-01 2.388136520000000151e-01 2.074636500000000550e-01
7.644845200000001395e-02 9.761633999999999589e-02 2.512653919999999763e-01 1.277111019999999930e-01 7.670773999999999648e-02 8.565476599999999330e-02 7.362232720000000397e-01 6.878869940000000849e-01 1.462127900000000369e-01 2.281808999999999921e-01 1.787654200000000082e-01 1.321219020000000133e-01 1.693622939999999966e-01 1.190679900000000124e-01 4.033185879999999779e-01 3.393780200000000025e-01 4.730101680000000641e-01 0.000000000000000000e+00 5.542418060000000590e-01 8.881393299999998936e-01 2.521106780000000325e-01 2.860857079999999941e-01
9.424391000000000018e-02 7.582375599999999216e-02 3.140883839999999982e-01 1.440447800000000111e-01 5.699039599999999872e-02 6.479406999999999528e-02 6.650863479999999939e-01 6.939204960000001643e-01 7.631615599999999611e-02 2.299625760000000019e-01 2.040165400000000240e-01 9.101155400000000839e-02 1.832933200000000373e-01 1.433260219999999974e-01 5.598708999999999630e-02 1.624208119999999977e-01 9.532045099999999493e-01 5.542418060000000590e-01 0.000000000000000000e+00 5.725505440000000501e-01 2.697088460000000021e-01 2.498977219999999888e-01
7.409589600000000831e-02 9.861267999999998035e-02 2.431993279999999924e-01 1.243879919999999889e-01 5.891221399999999747e-02 9.077604599999999913e-02 7.017401359999999588e-01 6.793970899999999258e-01 1.363955459999999786e-01 2.372416920000000040e-01 1.658857220000000132e-01 1.143041179999999962e-01 1.399824300000000188e-01 1.168384300000000070e-01 2.360193559999999857e-01 2.283489980000000252e-01 5.235613880000000719e-01 8.881393299999998936e-01 5.725505440000000501e-01 0.000000000000000000e+00 2.298556340000000309e-01 2.574128720000000148e-01
7.983258399999999810e-02 1.008961579999999997e-01 3.982576859999999996e-01 6.632543999999999940e-02 7.748740800000000761e-02 7.891171999999999076e-02 2.158990679999999995e-01 2.498231279999999777e-01 1.094349779999999883e-01 1.224136579999999946e-01 4.486589900000000353e-01 1.028669320000000081e-01 4.920362200000000241e-01 1.354552039999999957e-01 1.627200040000000014e-01 1.018073580000000006e-01 2.388136520000000151e-01 2.521106780000000325e-01 2.697088460000000021e-01 2.298556340000000309e-01 0.000000000000000000e+00 2.871801879999999474e-01
9.850023599999999102e-02 1.056018160000000011e-01 2.412220459999999955e-01 1.763260839999999940e-01 1.085986379999999973e-01 8.283051399999999398e-02 2.591605040000000137e-01 2.995611420000000025e-01 1.699757339999999894e-01 1.694569419999999993e-01 2.637162700000000304e-01 2.001799940000000277e-01 1.573809639999999843e-01 8.249145399999999184e-02 1.700092619999999943e-01 1.309616379999999913e-01 2.074636500000000550e-01 2.860857079999999941e-01 2.498977219999999888e-01 2.574128720000000148e-01 2.871801879999999474e-01 0.000000000000000000e+00
