0.000000000000000000e+00 5.935303659999999759e-01 2.014326560000000155e-01 4.360028559999999942e-01 5.828863920000000309e-01 8.935747739999999606e-01 1.175306240000000002e-01 1.019699879999999836e-01 2.221870499999999971e-01 9.937223200000000478e-02 2.074885360000000012e-01 1.113592499999999930e-01 2.102142660000000107e-01 8.488310000000000299e-02 1.218812179999999995e-01 1.104367099999999935e-01 9.354695999999999845e-02 7.593340399999999601e-02 8.875898000000000121e-02 1.177345839999999894e-01 1.446817220000000126e-01 1.440462459999999889e-01
5.935303659999999759e-01 0.000000000000000000e+00 2.265291099999999780e-01 3.973931320000000378e-01 8.573291940000000722e-01 5.203228739999998798e-01 6.796305199999999602e-02 6.032869799999999311e-02 1.444066340000000059e-01 7.337372200000000233e-02 1.297901620000000145e-01 1.227647820000000028e-01 1.437901359999999851e-01 8.710567199999999510e-02 8.700304999999999844e-02 6.495401000000000646e-02 7.207669599999999566e-02 7.558581800000001294e-02 7.495727600000000324e-02 1.153468559999999837e-01 1.291314560000000056e-01 1.204428159999999942e-01
2.014326560000000155e-01 2.265291099999999780e-01 0.000000000000000000e+00 4.280393540000000385e-01 2.690499979999999569e-01 1.961790919999999994e-01 2.404655639999999650e-01 2.167193319999999868e-01 5.045012660000000038e-01 3.654612400000000205e-01 7.037434479999999937e-01 3.346748620000000174e-01 6.694758840000000211e-01 2.360329360000000265e-01 1.043423140000000054e-01 8.982585199999999770e-02 1.277048319999999904e-01 1.435408619999999913e-01 1.462498259999999994e-01 1.388409780000000038e-01 6.444785059999998955e-01 5.393618879999999560e-01
4.360028559999999942e-01 3.973931320000000378e-01 4.280393540000000385e-01 0.000000000000000000e+00 3.840047560000000582e-01 4.219605839999999719e-01 1.765485120000000185e-01 2.830897239999999870e-01 3.892860640000000427e-01 3.368521120000000368e-01 3.186092959999999863e-01 4.949647839999998800e-01 2.955843280000000073e-01 4.304561740000000247e-01 8.134622199999999581e-02 1.190543839999999853e-01 1.465780979999999900e-01 1.820390880000000156e-01 1.639397439999999984e-01 1.770869800000000049e-01 3.163162159999999834e-01 4.489008899999999969e-01
5.828863920000000309e-01 8.573291940000000722e-01 2.690499979999999569e-01 3.840047560000000582e-01 0.000000000000000000e+00 5.525574619999999992e-01 4.848100400000000115e-02 5.410671599999998527e-02 1.337254459999999978e-01 7.997026399999998536e-02 1.312870220000000310e-01 9.784435999999999134e-02 1.344948819999999823e-01 6.646670200000000250e-02 8.783265399999998224e-02 6.153475399999999013e-02 9.431070199999999626e-02 6.231130199999999897e-02 8.772428200000001453e-02 9.686430000000000040e-02 1.511511619999999778e-01 1.249771540000000070e-01
8.935747739999999606e-01 5.203228739999998798e-01 1.961790919999999994e-01 4.219605839999999719e-01 5.525574619999999992e-01 0.000000000000000000e+00 1.432911719999999944e-01 1.229578720000000097e-01 2.092078580000000243e-01 9.072485799999999156e-02 2.073366940000000158e-01 1.087460279999999946e-01 2.011274139999999766e-01 8.205868199999999391e-02 1.190339039999999959e-01 1.202214799999999917e-01 1.144060579999999910e-01 9.559571799999999620e-02 1.111953360000000057e-01 1.312875760000000169e-01 1.300853240000000022e-01 1.475843900000000097e-01
1.175306240000000002e-01 6.796305199999999602e-02 2.404655639999999650e-01 1.765485120000000185e-01 4.848100400000000115e-02 1.432911719999999944e-01 0.000000000000000000e+00 5.247893180000000601e-01 3.209008139999999787e-01 3.055188500000000085e-01 3.027451159999999808e-01 2.173068039999999923e-01 2.751664600000000016e-01 1.922527460000000021e-01 5.340571699999999700e-01 4.762891299999999495e-01 5.450503159999999792e-01 5.072552139999999543e-01 5.797252079999999363e-01 6.194271519999999809e-01 2.523413639999999569e-01 2.956951339999999706e-01
1.019699879999999836e-01 6.032869799999999311e-02 2.167193319999999868e-01 2.830897239999999870e-01 5.410671599999998527e-02 1.229578720000000097e-01 5.247893180000000601e-01 0.000000000000000000e+00 3.207498979999999777e-01 3.666350540000000158e-01 2.633917019999999498e-01 3.568110879999999985e-01 2.560591220000000279e-01 2.759883779999999787e-01 3.470931320000000264e-01 5.615855560000000413e-01 4.533860500000000404e-01 5.122800800000000265e-01 5.013667160000000456e-01 5.599953980000000886e-01 2.319541259999999827e-01 3.801615660000000618e-01
2.221870499999999971e-01 1.444066340000000059e-01 5.045012660000000038e-01 3.892860640000000427e-01 1.337254459999999978e-01 2.092078580000000243e-01 3.209008139999999787e-01 3.207498979999999777e-01 0.000000000000000000e+00 3.156498179999999709e-01 5.686114180000000351e-01 4.092199699999999885e-01 6.283736460000000079e-01 3.673208579999999723e-01 1.335576179999999891e-01 6.429233799999999055e-02 5.654754799999998915e-02 9.641030600000000117e-02 8.589784600000001380e-02 1.175655520000000037e-01 4.775322000000000178e-01 5.182338559999999372e-01
9.937223200000000478e-02 7.337372200000000233e-02 3.654612400000000205e-01 3.368521120000000368e-01 7.997026399999998536e-02 9.072485799999999156e-02 3.055188500000000085e-01 3.666350540000000158e-01 3.156498179999999709e-01 0.000000000000000000e+00 4.030166499999999763e-01 3.555074800000000423e-01 3.959961999999999649e-01 5.459045619999999266e-01 1.741110399999999947e-01 1.880876400000000281e-01 1.392129659999999935e-01 1.513196559999999968e-01 1.719637439999999740e-01 1.629324059999999741e-01 4.448049979999999515e-01 4.139375220000000022e-01
2.074885360000000012e-01 1.297901620000000145e-01 7.037434479999999937e-01 3.186092959999999863e-01 1.312870220000000310e-01 2.073366940000000158e-01 3.027451159999999808e-01 2.633917019999999498e-01 5.686114180000000351e-01 4.030166499999999763e-01 0.000000000000000000e+00 3.590221319999999383e-01 8.407491040000000249e-01 2.964983280000000332e-01 1.138599039999999840e-01 7.947505799999998732e-02 1.070949360000000017e-01 1.197113279999999919e-01 1.289283900000000038e-01 1.090039439999999915e-01 6.680208820000000935e-01 5.546599800000000524e-01
1.113592499999999930e-01 1.227647820000000028e-01 3.346748620000000174e-01 4.949647839999998800e-01 9.784435999999999134e-02 1.087460279999999946e-01 2.173068039999999923e-01 3.568110879999999985e-01 4.092199699999999885e-01 3.555074800000000423e-01 3.590221319999999383e-01 0.000000000000000000e+00 3.381563140000000134e-01 5.470587380000000444e-01 7.084783800000001019e-02 1.036114200000000096e-01 1.793625560000000063e-01 1.562364380000000053e-01 1.980843180000000092e-01 1.763929739999999802e-01 3.176660139999999966e-01 4.946250479999999561e-01
2.102142660000000107e-01 1.437901359999999851e-01 6.694758840000000211e-01 2.955843280000000073e-01 1.344948819999999823e-01 2.011274139999999766e-01 2.751664600000000016e-01 2.560591220000000279e-01 6.283736460000000079e-01 3.959961999999999649e-01 8.407491040000000249e-01 3.381563140000000134e-01 0.000000000000000000e+00 2.884175479999999681e-01 9.181111599999999817e-02 8.056985599999999526e-02 9.811852600000001146e-02 1.284833900000000029e-01 1.266770999999999869e-01 1.132452939999999825e-01 6.457110499999998421e-01 5.308580320000000352e-01
8.488310000000000299e-02 8.710567199999999510e-02 2.360329360000000265e-01 4.304561740000000247e-01 6.646670200000000250e-02 8.205868199999999391e-02 1.922527460000000021e-01 2.759883779999999787e-01 3.673208579999999723e-01 5.459045619999999266e-01 2.964983280000000332e-01 5.470587380000000444e-01 2.884175479999999681e-01 0.000000000000000000e+00 8.463976800000000411e-02 8.567980199999999935e-02 1.611455840000000084e-01 1.594602079999999922e-01 1.816722619999999733e-01 1.640826859999999776e-01 2.417084359999999987e-01 3.932321540000000004e-01
1.218812179999999995e-01 8.700304999999999844e-02 1.043423140000000054e-01 8.134622199999999581e-02 8.783265399999998224e-02 1.190339039999999959e-01 5.340571699999999700e-01 3.470931320000000264e-01 1.335576179999999891e-01 1.741110399999999947e-01 1.138599039999999840e-01 7.084783800000001019e-02 9.181111599999999817e-02 8.463976800000000411e-02 0.000000000000000000e+00 3.730204779999999887e-01 6.126612799999999748e-01 4.009938539999999274e-01 5.521003359999999693e-01 4.905824680000000493e-01 9.336539200000001926e-02 1.290030659999999996e-01
1.104367099999999935e-01 6.495401000000000646e-02 8.982585199999999770e-02 1.190543839999999853e-01 6.153475399999999013e-02 1.202214799999999917e-01 4.762891299999999495e-01 5.615855560000000413e-01 6.429233799999999055e-02 1.880876400000000281e-01 7.947505799999998732e-02 1.036114200000000096e-01 8.056985599999999526e-02 8.567980199999999935e-02 3.730204779999999887e-01 0.000000000000000000e+00 5.700820440000000655e-01 7.374550820000000950e-01 6.253067359999999741e-01 7.131459599999999677e-01 7.385960600000000820e-02 1.059407500000000002e-01
9.354695999999999845e-02 7.207669599999999566e-02 1.277048319999999904e-01 1.465780979999999900e-01 9.431070199999999626e-02 1.144060579999999910e-01 5.450503159999999792e-01 4.533860500000000404e-01 5.654754799999998915e-02 1.392129659999999935e-01 1.070949360000000017e-01 1.793625560000000063e-01 9.811852600000001146e-02 1.611455840000000084e-01 6.126612799999999748e-01 5.700820440000000655e-01 0.000000000000000000e+00 5.998771800000000098e-01 9.471003720000000792e-01 6.663660439999998797e-01 1.372484019999999916e-01 1.742317099999999841e-01
7.593340399999999601e-02 7.558581800000001294e-02 1.435408619999999913e-01 1.820390880000000156e-01 6.231130199999999897e-02 9.559571799999999620e-02 5.072552139999999543e-01 5.122800800000000265e-01 9.641030600000000117e-02 1.513196559999999968e-01 1.197113279999999919e-01 1.562364380000000053e-01 1.284833900000000029e-01 1.594602079999999922e-01 4.009938539999999274e-01 7.374550820000000950e-01 5.998771800000000098e-01 0.000000000000000000e+00 6.465351900000000374e-01 8.659061479999999866e-01 1.319671560000000021e-01 1.895636399999999777e-01
8.875898000000000121e-02 7.495727600000000324e-02 1.462498259999999994e-01 1.639397439999999984e-01 8.772428200000001453e-02 1.111953360000000057e-01 5.797252079999999363e-01 5.013667160000000456e-01 8.589784600000001380e-02 1.719637439999999740e-01 1.289283900000000038e-01 1.980843180000000092e-01 1.266770999999999869e-01 1.816722619999999733e-01 5.521003359999999693e-01 6.253067359999999741e-01 9.471003720000000792e-01 6.465351900000000374e-01 0.000000000000000000e+00 7.010733719999999725e-01 1.545691499999999885e-01 2.018283180000000065e-01
1.177345839999999894e-01 1.153468559999999837e-01 1.388409780000000038e-01 1.770869800000000049e-01 9.686430000000000040e-02 1.312875760000000169e-01 6.194271519999999809e-01 5.599953980000000886e-01 1.175655520000000037e-01 1.629324059999999741e-01 1.090039439999999915e-01 1.763929739999999802e-01 1.132452939999999825e-01 1.640826859999999776e-01 4.905824680000000493e-01 7.131459599999999677e-01 6.663660439999998797e-01 8.659061479999999866e-01 7.010733719999999725e-01 0.000000000000000000e+00 1.274187260000000099e-01 2.004135420000000001e-01
1.446817220000000126e-01 1.291314560000000056e-01 6.444785059999998955e-01 3.163162159999999834e-01 1.511511619999999778e-01 1.300853240000000022e-01 2.523413639999999569e-01 2.319541259999999827e-01 4.775322000000000178e-01 4.448049979999999515e-01 6.680208820000000935e-01 3.176660139999999966e-01 6.457110499999998421e-01 2.417084359999999987e-01 9.336539200000001926e-02 7.385960600000000820e-02 1.372484019999999916e-01 1.319671560000000021e-01 1.545691499999999885e-01 1.274187260000000099e-01 0.000000000000000000e+00 7.415430819999999645e-01
1.440462459999999889e-01 1.204428159999999942e-01 5.393618879999999560e-01 4.489008899999999969e-01 1.249771540000000070e-01 1.475843900000000097e-01 2.956951339999999706e-01 3.801615660000000618e-01 5.182338559999999372e-01 4.139375220000000022e-01 5.546599800000000524e-01 4.946250479999999561e-01 5.308580320000000352e-01 3.932321540000000004e-01 1.290030659999999996e-01 1.059407500000000002e-01 1.742317099999999841e-01 1.895636399999999777e-01 2.018283180000000065e-01 2.004135420000000001e-01 7.415430819999999645e-01 0.000000000000000000e+00
