0.000000000000000000e+00 2.185147119999999998e-01 1.031031119999999968e-01 3.405538279999999474e-01 2.053394439999999821e-01 6.584927999999999892e-01 6.256670200000000182e-02 9.963855200000000523e-02 8.800132399999999189e-02 1.082707040000000093e-01 1.012296379999999968e-01 1.029660500000000034e-01 1.265982459999999976e-01 7.511781600000000392e-02 4.614105599999999974e-02 6.856029599999999280e-02 9.152089599999999048e-02 1.082282280000000096e-01 8.342399000000000342e-02 8.581942800000000315e-02 9.904533399999999876e-02 1.007719360000000064e-01
2.185147119999999998e-01 0.000000000000000000e+00 1.516820740000000001e-01 1.630365840000000122e-01 6.150794119999999365e-01 1.030996440000000042e-01 5.288646600000000003e-02 6.219416400000001011e-02 1.201454159999999910e-01 1.025639239999999869e-01 8.161011399999998361e-02 7.041439200000000620e-02 6.114314199999999755e-02 6.847179000000000459e-02 8.521435799999999006e-02 5.878539400000000470e-02 6.842162599999999928e-02 7.255161200000000143e-02 6.042901999999999996e-02 9.220960400000000057e-02 9.537177999999998934e-02 6.662601599999999624e-02
1.031031119999999968e-01 1.516820740000000001e-01 0.000000000000000000e+00 1.079372560000000092e-01 2.000160440000000039e-01 9.525980199999999065e-02 1.604473319999999981e-01 2.368240580000000040e-01 1.133237620000000084e-01 8.731231400000000198e-02 5.159380440000000956e-01 7.111868000000000356e-02 3.991381840000000070e-01 1.140688139999999906e-01 1.095135220000000020e-01 1.473910620000000171e-01 2.829005319999999823e-01 2.727304400000000184e-01 2.970658400000000254e-01 2.597382120000000238e-01 3.726902340000000091e-01 2.501396759999999775e-01
3.405538279999999474e-01 1.630365840000000122e-01 1.079372560000000092e-01 0.000000000000000000e+00 1.988638879999999887e-01 2.956055080000000168e-01 1.678806840000000022e-01 1.736204520000000362e-01 1.892898939999999863e-01 1.864436879999999963e-01 1.170979500000000062e-01 4.386124120000000071e-01 1.163768460000000060e-01 3.134811739999999736e-01 1.057814840000000089e-01 6.440846399999999861e-02 1.441948660000000049e-01 1.294600820000000041e-01 1.560542840000000153e-01 1.497176620000000014e-01 1.039954180000000061e-01 2.827172399999999808e-01
2.053394439999999821e-01 6.150794119999999365e-01 2.000160440000000039e-01 1.988638879999999887e-01 0.000000000000000000e+00 1.678935380000000088e-01 5.021903199999999678e-02 5.252612199999999454e-02 1.177518840000000011e-01 6.559047799999999373e-02 1.016396340000000065e-01 8.674092800000002268e-02 7.175091399999999897e-02 6.510914399999999380e-02 7.522113599999999400e-02 5.427158400000000466e-02 5.572490399999999872e-02 4.241518400000000855e-02 4.833154800000000195e-02 6.010744799999999388e-02 8.805315399999999459e-02 7.836483600000000715e-02
6.584927999999999892e-01 1.030996440000000042e-01 9.525980199999999065e-02 2.956055080000000168e-01 1.678935380000000088e-01 0.000000000000000000e+00 7.688543799999998651e-02 7.845633400000000257e-02 9.109447200000000966e-02 9.695526800000001111e-02 8.835112200000000415e-02 7.173718999999999235e-02 9.725130800000000852e-02 7.615190800000000426e-02 4.480786200000000385e-02 8.757911799999998359e-02 1.040660139999999984e-01 8.343721399999999566e-02 1.008698059999999924e-01 6.975000199999999151e-02 9.728359599999998608e-02 8.594111599999999795e-02
6.256670200000000182e-02 5.288646600000000003e-02 1.604473319999999981e-01 1.678806840000000022e-01 5.021903199999999678e-02 7.688543799999998651e-02 0.000000000000000000e+00 6.799801039999999741e-01 2.043627120000000019e-01 1.994478319999999916e-01 1.260974460000000019e-01 1.596738560000000029e-01 1.175067680000000114e-01 1.672022579999999925e-01 3.754199619999999404e-01 2.478512720000000391e-01 6.273093260000000004e-01 6.839883540000000206e-01 6.917580620000001179e-01 6.442242420000000580e-01 1.655612280000000047e-01 2.517055599999999949e-01
9.963855200000000523e-02 6.219416400000001011e-02 2.368240580000000040e-01 1.736204520000000362e-01 5.252612199999999454e-02 7.845633400000000257e-02 6.799801039999999741e-01 0.000000000000000000e+00 2.123554079999999955e-01 2.628431940000000022e-01 1.341217459999999861e-01 1.361578120000000169e-01 9.758617199999999881e-02 1.357003220000000121e-01 2.029774720000000199e-01 4.237467839999999875e-01 6.633892040000000101e-01 7.000638300000000536e-01 7.301558779999999249e-01 6.739670779999998862e-01 1.737080739999999901e-01 2.845721980000000539e-01
8.800132399999999189e-02 1.201454159999999910e-01 1.133237620000000084e-01 1.892898939999999863e-01 1.177518840000000011e-01 9.109447200000000966e-02 2.043627120000000019e-01 2.123554079999999955e-01 0.000000000000000000e+00 6.448537000000001407e-02 9.789586799999999700e-02 1.180663980000000030e-01 2.558505279999999660e-01 9.655507600000000357e-02 1.653252239999999929e-01 1.203206819999999844e-01 1.248437339999999701e-01 2.022755499999999707e-01 1.396706500000000073e-01 1.904551619999999834e-01 1.294923239999999920e-01 1.391319380000000105e-01
1.082707040000000093e-01 1.025639239999999869e-01 8.731231400000000198e-02 1.864436879999999963e-01 6.559047799999999373e-02 9.695526800000001111e-02 1.994478319999999916e-01 2.628431940000000022e-01 6.448537000000001407e-02 0.000000000000000000e+00 1.188615719999999987e-01 2.338332180000000093e-01 1.450820620000000116e-01 4.552372900000000167e-01 9.289655000000000828e-02 1.013817060000000020e-01 2.099422419999999734e-01 2.056768480000000232e-01 2.084332040000000108e-01 2.477247519999999648e-01 7.934265399999999857e-02 1.278618659999999907e-01
1.012296379999999968e-01 8.161011399999998361e-02 5.159380440000000956e-01 1.170979500000000062e-01 1.016396340000000065e-01 8.835112200000000415e-02 1.260974460000000019e-01 1.341217459999999861e-01 9.789586799999999700e-02 1.188615719999999987e-01 0.000000000000000000e+00 6.888790800000001158e-02 5.449123460000000474e-01 1.163440539999999884e-01 1.317076399999999869e-01 9.119721600000001149e-02 1.738372940000000033e-01 1.569023340000000044e-01 1.811132220000000181e-01 1.386498820000000021e-01 4.646123859999999328e-01 2.747879899999999820e-01
1.029660500000000034e-01 7.041439200000000620e-02 7.111868000000000356e-02 4.386124120000000071e-01 8.674092800000002268e-02 7.173718999999999235e-02 1.596738560000000029e-01 1.361578120000000169e-01 1.180663980000000030e-01 2.338332180000000093e-01 6.888790800000001158e-02 0.000000000000000000e+00 6.960210600000001080e-02 2.680150700000000219e-01 1.278460640000000093e-01 8.365778399999999893e-02 1.563511399999999996e-01 1.546676479999999909e-01 1.664834019999999748e-01 1.525314399999999904e-01 8.222484999999998823e-02 2.286255880000000185e-01
1.265982459999999976e-01 6.114314199999999755e-02 3.991381840000000070e-01 1.163768460000000060e-01 7.175091399999999897e-02 9.725130800000000852e-02 1.175067680000000114e-01 9.758617199999999881e-02 2.558505279999999660e-01 1.450820620000000116e-01 5.449123460000000474e-01 6.960210600000001080e-02 0.000000000000000000e+00 1.330282060000000099e-01 1.580145460000000335e-01 6.880435600000001095e-02 1.349097880000000027e-01 1.119900180000000106e-01 1.493639700000000126e-01 7.814415199999999451e-02 4.239874299999999430e-01 1.105386619999999959e-01
7.511781600000000392e-02 6.847179000000000459e-02 1.140688139999999906e-01 3.134811739999999736e-01 6.510914399999999380e-02 7.615190800000000426e-02 1.672022579999999925e-01 1.357003220000000121e-01 9.655507600000000357e-02 4.552372900000000167e-01 1.163440539999999884e-01 2.680150700000000219e-01 1.330282060000000099e-01 0.000000000000000000e+00 7.878776800000000802e-02 1.157320400000000082e-01 1.871621440000000025e-01 1.439459019999999867e-01 2.021413540000000231e-01 1.314324920000000119e-01 1.429182380000000030e-01 1.283304499999999848e-01
4.614105599999999974e-02 8.521435799999999006e-02 1.095135220000000020e-01 1.057814840000000089e-01 7.522113599999999400e-02 4.480786200000000385e-02 3.754199619999999404e-01 2.029774720000000199e-01 1.653252239999999929e-01 9.289655000000000828e-02 1.317076399999999869e-01 1.278460640000000093e-01 1.580145460000000335e-01 7.878776800000000802e-02 0.000000000000000000e+00 3.289277600000000135e-01 9.075605200000000372e-02 3.699555179999999277e-01 4.276086999999999944e-02 1.727979340000000419e-01 1.403407879999999941e-01 1.900489180000000111e-01
6.856029599999999280e-02 5.878539400000000470e-02 1.473910620000000171e-01 6.440846399999999861e-02 5.427158400000000466e-02 8.757911799999998359e-02 2.478512720000000391e-01 4.237467839999999875e-01 1.203206819999999844e-01 1.013817060000000020e-01 9.119721600000001149e-02 8.365778399999999893e-02 6.880435600000001095e-02 1.157320400000000082e-01 3.289277600000000135e-01 0.000000000000000000e+00 1.713647199999999982e-01 3.752927980000000385e-01 2.487036199999999586e-01 2.700525039999999710e-01 7.090352799999999345e-02 1.055714280000000088e-01
9.152089599999999048e-02 6.842162599999999928e-02 2.829005319999999823e-01 1.441948660000000049e-01 5.572490399999999872e-02 1.040660139999999984e-01 6.273093260000000004e-01 6.633892040000000101e-01 1.248437339999999701e-01 2.099422419999999734e-01 1.738372940000000033e-01 1.563511399999999996e-01 1.349097880000000027e-01 1.871621440000000025e-01 9.075605200000000372e-02 1.713647199999999982e-01 0.000000000000000000e+00 5.169590860000000676e-01 9.658747560000000565e-01 5.645055300000001441e-01 2.201658240000000100e-01 2.445217220000000524e-01
1.082282280000000096e-01 7.255161200000000143e-02 2.727304400000000184e-01 1.294600820000000041e-01 4.241518400000000855e-02 8.343721399999999566e-02 6.839883540000000206e-01 7.000638300000000536e-01 2.022755499999999707e-01 2.056768480000000232e-01 1.569023340000000044e-01 1.546676479999999909e-01 1.119900180000000106e-01 1.439459019999999867e-01 3.699555179999999277e-01 3.752927980000000385e-01 5.169590860000000676e-01 0.000000000000000000e+00 5.856876440000000628e-01 8.880372220000000150e-01 1.625166539999999826e-01 2.390033979999999780e-01
8.342399000000000342e-02 6.042901999999999996e-02 2.970658400000000254e-01 1.560542840000000153e-01 4.833154800000000195e-02 1.008698059999999924e-01 6.917580620000001179e-01 7.301558779999999249e-01 1.396706500000000073e-01 2.084332040000000108e-01 1.811132220000000181e-01 1.664834019999999748e-01 1.493639700000000126e-01 2.021413540000000231e-01 4.276086999999999944e-02 2.487036199999999586e-01 9.658747560000000565e-01 5.856876440000000628e-01 0.000000000000000000e+00 6.028160879999999722e-01 2.225717580000000084e-01 2.641368139999999975e-01
8.581942800000000315e-02 9.220960400000000057e-02 2.597382120000000238e-01 1.497176620000000014e-01 6.010744799999999388e-02 6.975000199999999151e-02 6.442242420000000580e-01 6.739670779999998862e-01 1.904551619999999834e-01 2.477247519999999648e-01 1.386498820000000021e-01 1.525314399999999904e-01 7.814415199999999451e-02 1.314324920000000119e-01 1.727979340000000419e-01 2.700525039999999710e-01 5.645055300000001441e-01 8.880372220000000150e-01 6.028160879999999722e-01 0.000000000000000000e+00 1.566514619999999913e-01 2.055179619999999985e-01
9.904533399999999876e-02 9.537177999999998934e-02 3.726902340000000091e-01 1.039954180000000061e-01 8.805315399999999459e-02 9.728359599999998608e-02 1.655612280000000047e-01 1.737080739999999901e-01 1.294923239999999920e-01 7.934265399999999857e-02 4.646123859999999328e-01 8.222484999999998823e-02 4.239874299999999430e-01 1.429182380000000030e-01 1.403407879999999941e-01 7.090352799999999345e-02 2.201658240000000100e-01 1.625166539999999826e-01 2.225717580000000084e-01 1.566514619999999913e-01 0.000000000000000000e+00 2.963093720000000153e-01
1.007719360000000064e-01 6.662601599999999624e-02 2.501396759999999775e-01 2.827172399999999808e-01 7.836483600000000715e-02 8.594111599999999795e-02 2.517055599999999949e-01 2.845721980000000539e-01 1.391319380000000105e-01 1.278618659999999907e-01 2.747879899999999820e-01 2.286255880000000185e-01 1.105386619999999959e-01 1.283304499999999848e-01 1.900489180000000111e-01 1.055714280000000088e-01 2.445217220000000524e-01 2.390033979999999780e-01 2.641368139999999975e-01 2.055179619999999985e-01 2.963093720000000153e-01 0.000000000000000000e+00
