0.000000000000000000e+00 9.595076519999998776e-01 3.820403140000000475e-01 7.361066799999999022e-01 9.566267600000000204e-01 9.449312519999999438e-01 1.177306919999999979e-01 1.363776260000000018e-01 3.972557360000000815e-01 3.823150199999999499e-01 3.185032839999999976e-01 2.627769719999999976e-01 3.970601260000000132e-01 1.371256999999999893e-01 1.269299939999999904e-01 1.177770459999999825e-01 1.175467440000000086e-01 1.144090500000000121e-01 1.255610760000000214e-01 1.139027840000000069e-01 4.927988940000000428e-01 6.098614760000000690e-01
9.595076519999998776e-01 0.000000000000000000e+00 3.616194920000000423e-01 7.318570299999999085e-01 9.587165939999999775e-01 9.833500579999998603e-01 1.097540600000000144e-01 1.222189119999999851e-01 4.097305940000001145e-01 3.595807080000000266e-01 3.396213759999999748e-01 2.529947860000000270e-01 4.119860000000000189e-01 1.397478360000000142e-01 1.124237939999999936e-01 1.038069679999999995e-01 1.028888699999999934e-01 1.016599379999999914e-01 1.100359800000000055e-01 1.006245019999999907e-01 5.224630160000000023e-01 6.282066840000000152e-01
3.820403140000000475e-01 3.616194920000000423e-01 0.000000000000000000e+00 5.307222119999999155e-01 3.683988659999999915e-01 3.570118680000000100e-01 5.843704339999999942e-01 5.807918999999999166e-01 3.996723959999999853e-01 3.638948300000000025e-01 4.140869200000000250e-01 4.168134620000000234e-01 3.331555019999999923e-01 5.185857160000000299e-01 5.828385419999999595e-01 5.883255299999999854e-01 5.934338599999999797e-01 5.864039680000000532e-01 5.891523660000000939e-01 5.873891479999999721e-01 3.156001920000000016e-01 2.972762419999999683e-01
7.361066799999999022e-01 7.318570299999999085e-01 5.307222119999999155e-01 0.000000000000000000e+00 6.984332060000000286e-01 7.247288739999999674e-01 2.547298299999999904e-01 2.783870219999999840e-01 2.866947040000000224e-01 2.539881979999999428e-01 2.007405219999999768e-01 2.544333060000000257e-01 3.975795640000000519e-01 3.226691859999999967e-01 2.651305179999999817e-01 2.644056140000000110e-01 2.623604880000000028e-01 2.675055419999999851e-01 2.609178600000000015e-01 2.653126920000000166e-01 5.064256659999999410e-01 5.914750159999999646e-01
9.566267600000000204e-01 9.587165939999999775e-01 3.683988659999999915e-01 6.984332060000000286e-01 0.000000000000000000e+00 9.359387379999999368e-01 1.150060120000000186e-01 1.223321480000000017e-01 4.043431039999999532e-01 3.860638600000000364e-01 3.254929439999999508e-01 2.648322140000000102e-01 3.952408639999999695e-01 1.409621060000000037e-01 1.154391999999999918e-01 1.025672879999999926e-01 1.099575300000000116e-01 1.056115439999999878e-01 1.156709219999999955e-01 1.043019340000000128e-01 4.942790119999999621e-01 6.052512720000000623e-01
9.449312519999999438e-01 9.833500579999998603e-01 3.570118680000000100e-01 7.247288739999999674e-01 9.359387379999999368e-01 0.000000000000000000e+00 1.152015380000000200e-01 1.173490780000000094e-01 4.149353539999999785e-01 3.491899560000000236e-01 3.481002180000000168e-01 2.635339320000000263e-01 4.080645739999999577e-01 1.443047219999999964e-01 1.120466940000000022e-01 9.986759000000000608e-02 1.023757119999999937e-01 1.003253839999999897e-01 1.080181939999999841e-01 9.737170800000000126e-02 5.081830280000000366e-01 6.145302180000000725e-01
1.177306919999999979e-01 1.097540600000000144e-01 5.843704339999999942e-01 2.547298299999999904e-01 1.150060120000000186e-01 1.152015380000000200e-01 0.000000000000000000e+00 9.507652899999999851e-01 3.612144359999999721e-01 3.034509559999999939e-01 4.009809640000000508e-01 4.260208259999999636e-01 4.861886899999999789e-01 5.069009580000000126e-01 9.857384200000000041e-01 9.525321959999999422e-01 9.857581840000000373e-01 9.445085779999999875e-01 9.846259039999999407e-01 9.591495719999999503e-01 4.457187160000000148e-01 1.786656480000000102e-01
1.363776260000000018e-01 1.222189119999999851e-01 5.807918999999999166e-01 2.783870219999999840e-01 1.223321480000000017e-01 1.173490780000000094e-01 9.507652899999999851e-01 0.000000000000000000e+00 3.450587119999999897e-01 2.359232120000000210e-01 3.823923800000000317e-01 3.915299720000000039e-01 5.623340059999999418e-01 4.947102800000000578e-01 9.679790500000000630e-01 9.811413239999999814e-01 9.669463400000000153e-01 9.727962540000000269e-01 9.725468980000000485e-01 9.806614500000000456e-01 5.162470879999999651e-01 2.288375400000000059e-01
3.972557360000000815e-01 4.097305940000001145e-01 3.996723959999999853e-01 2.866947040000000224e-01 4.043431039999999532e-01 4.149353539999999785e-01 3.612144359999999721e-01 3.450587119999999897e-01 0.000000000000000000e+00 4.179074160000000870e-01 7.936936140000000472e-01 3.405849939999999743e-01 2.428319560000000155e-01 2.969403039999999883e-01 3.787721900000000086e-01 3.941586980000000295e-01 3.786432899999999657e-01 3.960320620000000180e-01 3.842707160000000122e-01 3.933486780000000071e-01 2.608546340000000296e-01 4.325291479999999744e-01
3.823150199999999499e-01 3.595807080000000266e-01 3.638948300000000025e-01 2.539881979999999428e-01 3.860638600000000364e-01 3.491899560000000236e-01 3.034509559999999939e-01 2.359232120000000210e-01 4.179074160000000870e-01 0.000000000000000000e+00 2.888687180000000243e-01 7.773269380000000783e-01 3.268351700000000082e-01 6.063380080000000394e-01 2.771855360000000101e-01 2.438147520000000235e-01 2.781448880000000345e-01 2.402569019999999944e-01 2.734444980000000358e-01 2.450646320000000045e-01 3.084243499999999583e-01 4.040569480000000269e-01
3.185032839999999976e-01 3.396213759999999748e-01 4.140869200000000250e-01 2.007405219999999768e-01 3.254929439999999508e-01 3.481002180000000168e-01 4.009809640000000508e-01 3.823923800000000317e-01 7.936936140000000472e-01 2.888687180000000243e-01 0.000000000000000000e+00 2.723827440000000100e-01 2.282396040000000126e-01 2.974377340000000092e-01 4.050708999999999560e-01 4.154421739999999974e-01 4.112080240000000053e-01 4.243563579999999891e-01 4.111191459999999909e-01 4.238321319999999726e-01 2.982711420000000446e-01 4.129402260000000213e-01
2.627769719999999976e-01 2.529947860000000270e-01 4.168134620000000234e-01 2.544333060000000257e-01 2.648322140000000102e-01 2.635339320000000263e-01 4.260208259999999636e-01 3.915299720000000039e-01 3.405849939999999743e-01 7.773269380000000783e-01 2.723827440000000100e-01 0.000000000000000000e+00 3.435524200000000805e-01 8.816420960000002083e-01 3.896702060000000190e-01 3.779593359999999791e-01 3.930146279999999770e-01 3.695115300000000325e-01 3.933460240000000163e-01 3.761121319999999879e-01 3.457391079999999617e-01 2.214037679999999730e-01
3.970601260000000132e-01 4.119860000000000189e-01 3.331555019999999923e-01 3.975795640000000519e-01 3.952408639999999695e-01 4.080645739999999577e-01 4.861886899999999789e-01 5.623340059999999418e-01 2.428319560000000155e-01 3.268351700000000082e-01 2.282396040000000126e-01 3.435524200000000805e-01 0.000000000000000000e+00 3.507573279999999794e-01 5.049478480000000324e-01 5.186440259999999247e-01 5.054464120000000671e-01 5.196431320000000076e-01 5.124707720000000188e-01 5.253498100000000282e-01 8.247421400000000125e-01 6.958851759999999942e-01
1.371256999999999893e-01 1.397478360000000142e-01 5.185857160000000299e-01 3.226691859999999967e-01 1.409621060000000037e-01 1.443047219999999964e-01 5.069009580000000126e-01 4.947102800000000578e-01 2.969403039999999883e-01 6.063380080000000394e-01 2.974377340000000092e-01 8.816420960000002083e-01 3.507573279999999794e-01 0.000000000000000000e+00 4.900352079999999999e-01 4.929782460000000088e-01 4.927896620000000172e-01 4.935183459999999411e-01 4.953655819999999710e-01 4.959657639999999756e-01 3.708006620000000031e-01 1.667158680000000170e-01
1.269299939999999904e-01 1.124237939999999936e-01 5.828385419999999595e-01 2.651305179999999817e-01 1.154391999999999918e-01 1.120466940000000022e-01 9.857384200000000041e-01 9.679790500000000630e-01 3.787721900000000086e-01 2.771855360000000101e-01 4.050708999999999560e-01 3.896702060000000190e-01 5.049478480000000324e-01 4.900352079999999999e-01 0.000000000000000000e+00 9.754600400000000837e-01 9.962895520000000227e-01 9.684959760000000362e-01 9.972947099999999176e-01 9.807536840000000700e-01 4.639626439999999796e-01 1.927061179999999818e-01
1.177770459999999825e-01 1.038069679999999995e-01 5.883255299999999854e-01 2.644056140000000110e-01 1.025672879999999926e-01 9.986759000000000608e-02 9.525321959999999422e-01 9.811413239999999814e-01 3.941586980000000295e-01 2.438147520000000235e-01 4.154421739999999974e-01 3.779593359999999791e-01 5.186440259999999247e-01 4.929782460000000088e-01 9.754600400000000837e-01 0.000000000000000000e+00 9.740586639999999630e-01 9.950322460000000646e-01 9.813645180000000190e-01 9.969497759999998987e-01 4.738302080000000305e-01 1.889351699999999856e-01
1.175467440000000086e-01 1.028888699999999934e-01 5.934338599999999797e-01 2.623604880000000028e-01 1.099575300000000116e-01 1.023757119999999937e-01 9.857581840000000373e-01 9.669463400000000153e-01 3.786432899999999657e-01 2.781448880000000345e-01 4.112080240000000053e-01 3.930146279999999770e-01 5.054464120000000671e-01 4.927896620000000172e-01 9.962895520000000227e-01 9.740586639999999630e-01 0.000000000000000000e+00 9.671480799999999656e-01 9.983468999999999260e-01 9.785236420000000823e-01 4.689240439999999843e-01 1.916850040000000199e-01
1.144090500000000121e-01 1.016599379999999914e-01 5.864039680000000532e-01 2.675055419999999851e-01 1.056115439999999878e-01 1.003253839999999897e-01 9.445085779999999875e-01 9.727962540000000269e-01 3.960320620000000180e-01 2.402569019999999944e-01 4.243563579999999891e-01 3.695115300000000325e-01 5.196431320000000076e-01 4.935183459999999411e-01 9.684959760000000362e-01 9.950322460000000646e-01 9.671480799999999656e-01 0.000000000000000000e+00 9.748651239999999163e-01 9.967087940000001201e-01 4.825727839999999769e-01 2.041417940000000153e-01
1.255610760000000214e-01 1.100359800000000055e-01 5.891523660000000939e-01 2.609178600000000015e-01 1.156709219999999955e-01 1.080181939999999841e-01 9.846259039999999407e-01 9.725468980000000485e-01 3.842707160000000122e-01 2.734444980000000358e-01 4.111191459999999909e-01 3.933460240000000163e-01 5.124707720000000188e-01 4.953655819999999710e-01 9.972947099999999176e-01 9.813645180000000190e-01 9.983468999999999260e-01 9.748651239999999163e-01 0.000000000000000000e+00 9.850210840000001022e-01 4.726119420000000626e-01 1.946103140000000065e-01
1.139027840000000069e-01 1.006245019999999907e-01 5.873891479999999721e-01 2.653126920000000166e-01 1.043019340000000128e-01 9.737170800000000126e-02 9.591495719999999503e-01 9.806614500000000456e-01 3.933486780000000071e-01 2.450646320000000045e-01 4.238321319999999726e-01 3.761121319999999879e-01 5.253498100000000282e-01 4.959657639999999756e-01 9.807536840000000700e-01 9.969497759999998987e-01 9.785236420000000823e-01 9.967087940000001201e-01 9.850210840000001022e-01 0.000000000000000000e+00 4.851727119999999505e-01 2.019910760000000194e-01
4.927988940000000428e-01 5.224630160000000023e-01 3.156001920000000016e-01 5.064256659999999410e-01 4.942790119999999621e-01 5.081830280000000366e-01 4.457187160000000148e-01 5.162470879999999651e-01 2.608546340000000296e-01 3.084243499999999583e-01 2.982711420000000446e-01 3.457391079999999617e-01 8.247421400000000125e-01 3.708006620000000031e-01 4.639626439999999796e-01 4.738302080000000305e-01 4.689240439999999843e-01 4.825727839999999769e-01 4.726119420000000626e-01 4.851727119999999505e-01 0.000000000000000000e+00 8.113652300000000483e-01
6.098614760000000690e-01 6.282066840000000152e-01 2.972762419999999683e-01 5.914750159999999646e-01 6.052512720000000623e-01 6.145302180000000725e-01 1.786656480000000102e-01 2.288375400000000059e-01 4.325291479999999744e-01 4.040569480000000269e-01 4.129402260000000213e-01 2.214037679999999730e-01 6.958851759999999942e-01 1.667158680000000170e-01 1.927061179999999818e-01 1.889351699999999856e-01 1.916850040000000199e-01 2.041417940000000153e-01 1.946103140000000065e-01 2.019910760000000194e-01 8.113652300000000483e-01 0.000000000000000000e+00
