0.000000000000000000e+00 9.726005319999998511e-01 4.962602540000000673e-01 7.052306640000000071e-01 9.655877480000001345e-01 9.679870319999999140e-01 8.911333400000000238e-02 9.523963199999999074e-02 3.291879580000000027e-01 2.796562019999999649e-01 2.736942620000000215e-01 1.725404000000000104e-01 2.860014479999999915e-01 1.289443660000000047e-01 9.458321000000000089e-02 1.008129180000000014e-01 1.053372680000000117e-01 9.014319599999999488e-02 1.068315700000000146e-01 9.253810600000000886e-02 2.285112879999999791e-01 2.971028239999999876e-01
9.726005319999998511e-01 0.000000000000000000e+00 5.158620280000000280e-01 6.974795400000000090e-01 9.693970440000001521e-01 9.870148420000000034e-01 6.931168200000001334e-02 7.123331399999997815e-02 3.310282599999999631e-01 3.042715799999999859e-01 2.781905319999999904e-01 1.852318339999999841e-01 2.801311039999999641e-01 1.551019800000000004e-01 6.043617399999999529e-02 6.474312000000001510e-02 7.242453399999999875e-02 6.549962800000000418e-02 6.968172400000001432e-02 6.225743000000000249e-02 2.193689559999999761e-01 3.023819760000000523e-01
4.962602540000000673e-01 5.158620280000000280e-01 0.000000000000000000e+00 6.086900999999999007e-01 4.738514240000000766e-01 5.221310139999999489e-01 5.254069880000000747e-01 5.279552560000000394e-01 4.833799980000000329e-01 1.991404760000000107e-01 5.365304180000000089e-01 1.440108340000000042e-01 2.388996320000000007e-01 1.997843880000000072e-01 5.086275499999999283e-01 5.086116279999999268e-01 5.145819279999999107e-01 5.051109099999999685e-01 5.136385660000000186e-01 5.083731339999999488e-01 2.611369579999999746e-01 2.708032320000000048e-01
7.052306640000000071e-01 6.974795400000000090e-01 6.086900999999999007e-01 0.000000000000000000e+00 6.751686319999998798e-01 7.056501840000001247e-01 2.989203219999999606e-01 3.125659239999999950e-01 2.668876379999999826e-01 2.001055519999999921e-01 3.101660039999999396e-01 1.978136420000000117e-01 3.251300080000000259e-01 2.873420700000000050e-01 2.896598459999999986e-01 2.863833259999999936e-01 2.900971099999999914e-01 2.881697959999999781e-01 2.904205919999999774e-01 2.975147160000000124e-01 3.249033179999999965e-01 4.252403839999999713e-01
9.655877480000001345e-01 9.693970440000001521e-01 4.738514240000000766e-01 6.751686319999998798e-01 0.000000000000000000e+00 9.653986019999999391e-01 7.858094200000001472e-02 8.966718199999999805e-02 3.209923520000000363e-01 2.776880380000000259e-01 2.577320939999999672e-01 1.507180479999999934e-01 3.167565840000000077e-01 1.482935759999999825e-01 8.345523000000000524e-02 9.142947199999999774e-02 9.703321800000000441e-02 8.606679200000000307e-02 9.758438599999999519e-02 8.401237799999998479e-02 2.580654039999999982e-01 3.357136520000000290e-01
9.679870319999999140e-01 9.870148420000000034e-01 5.221310139999999489e-01 7.056501840000001247e-01 9.653986019999999391e-01 0.000000000000000000e+00 6.906994799999999213e-02 7.757746199999999981e-02 3.456411879999999881e-01 2.893447100000000050e-01 2.902049039999999858e-01 1.783531140000000348e-01 2.750094399999999939e-01 1.677387840000000296e-01 5.685788800000000226e-02 6.562015000000000209e-02 6.913955799999998986e-02 6.297093000000000829e-02 6.695389599999999886e-02 5.963563400000000680e-02 2.176957799999999776e-01 3.065348680000000159e-01
8.911333400000000238e-02 6.931168200000001334e-02 5.254069880000000747e-01 2.989203219999999606e-01 7.858094200000001472e-02 6.906994799999999213e-02 0.000000000000000000e+00 9.583625120000001107e-01 4.634782460000000381e-01 2.260167519999999874e-01 4.351671799999999868e-01 2.685018200000000022e-01 4.852021840000000918e-01 3.349735999999999825e-01 9.912453140000000440e-01 9.554106239999999861e-01 9.906349880000000496e-01 9.467958660000000970e-01 9.895298639999999812e-01 9.655236099999999766e-01 4.326439579999999951e-01 2.149302940000000217e-01
9.523963199999999074e-02 7.123331399999997815e-02 5.279552560000000394e-01 3.125659239999999950e-01 8.966718199999999805e-02 7.757746199999999981e-02 9.583625120000001107e-01 0.000000000000000000e+00 4.791663080000000408e-01 1.736021459999999850e-01 4.517965980000000492e-01 2.599328559999999899e-01 5.056074379999999646e-01 3.574982299999999724e-01 9.664613580000001036e-01 9.820186679999999280e-01 9.674262240000001123e-01 9.766144799999999515e-01 9.748137419999999276e-01 9.816358739999999639e-01 4.597398580000000012e-01 2.384139740000000285e-01
3.291879580000000027e-01 3.310282599999999631e-01 4.833799980000000329e-01 2.668876379999999826e-01 3.209923520000000363e-01 3.456411879999999881e-01 4.634782460000000381e-01 4.791663080000000408e-01 0.000000000000000000e+00 3.273645020000000017e-01 8.132763940000000691e-01 2.593635200000000141e-01 2.051108880000000190e-01 2.927285839999999584e-01 4.769297779999999709e-01 5.047963720000000487e-01 4.827574399999999821e-01 5.077584699999999618e-01 4.875711060000000319e-01 5.009743839999999393e-01 2.377817720000000024e-01 2.827889000000000097e-01
2.796562019999999649e-01 3.042715799999999859e-01 1.991404760000000107e-01 2.001055519999999921e-01 2.776880380000000259e-01 2.893447100000000050e-01 2.260167519999999874e-01 1.736021459999999850e-01 3.273645020000000017e-01 0.000000000000000000e+00 2.729458879999999699e-01 7.823201619999998746e-01 2.936200039999999900e-01 5.661128260000000134e-01 2.317494700000000130e-01 2.095887079999999847e-01 2.206489560000000072e-01 2.028982520000000012e-01 2.191352599999999984e-01 2.112681439999999911e-01 2.805606900000000015e-01 3.555910379999999704e-01
2.736942620000000215e-01 2.781905319999999904e-01 5.365304180000000089e-01 3.101660039999999396e-01 2.577320939999999672e-01 2.902049039999999858e-01 4.351671799999999868e-01 4.517965980000000492e-01 8.132763940000000691e-01 2.729458879999999699e-01 0.000000000000000000e+00 2.229587080000000054e-01 1.810525000000000051e-01 2.335892260000000109e-01 4.403335039999999867e-01 4.787343700000000202e-01 4.458606079999999916e-01 4.868243559999999581e-01 4.520626500000000658e-01 4.780884239999999563e-01 2.659852639999999990e-01 3.343261640000000368e-01
1.725404000000000104e-01 1.852318339999999841e-01 1.440108340000000042e-01 1.978136420000000117e-01 1.507180479999999934e-01 1.783531140000000348e-01 2.685018200000000022e-01 2.599328559999999899e-01 2.593635200000000141e-01 7.823201619999998746e-01 2.229587080000000054e-01 0.000000000000000000e+00 2.934354920000000200e-01 8.171186419999999506e-01 2.620134440000000398e-01 2.684995199999999915e-01 2.608082800000000034e-01 2.624882840000000161e-01 2.628000179999999686e-01 2.636103639999999859e-01 3.158874079999999807e-01 2.692889179999999882e-01
2.860014479999999915e-01 2.801311039999999641e-01 2.388996320000000007e-01 3.251300080000000259e-01 3.167565840000000077e-01 2.750094399999999939e-01 4.852021840000000918e-01 5.056074379999999646e-01 2.051108880000000190e-01 2.936200039999999900e-01 1.810525000000000051e-01 2.934354920000000200e-01 0.000000000000000000e+00 3.911895760000000388e-01 4.860081220000000424e-01 4.680684499999999693e-01 4.859853319999999921e-01 4.712103859999999811e-01 4.846646800000000144e-01 4.784269219999999767e-01 7.509548940000000394e-01 5.786253340000000467e-01
1.289443660000000047e-01 1.551019800000000004e-01 1.997843880000000072e-01 2.873420700000000050e-01 1.482935759999999825e-01 1.677387840000000296e-01 3.349735999999999825e-01 3.574982299999999724e-01 2.927285839999999584e-01 5.661128260000000134e-01 2.335892260000000109e-01 8.171186419999999506e-01 3.911895760000000388e-01 0.000000000000000000e+00 3.316034620000000155e-01 3.507262999999999908e-01 3.318251039999999819e-01 3.552700319999999579e-01 3.369413259999999855e-01 3.531849580000000488e-01 4.425429799999999747e-01 3.137972039999999962e-01
9.458321000000000089e-02 6.043617399999999529e-02 5.086275499999999283e-01 2.896598459999999986e-01 8.345523000000000524e-02 5.685788800000000226e-02 9.912453140000000440e-01 9.664613580000001036e-01 4.769297779999999709e-01 2.317494700000000130e-01 4.403335039999999867e-01 2.620134440000000398e-01 4.860081220000000424e-01 3.316034620000000155e-01 0.000000000000000000e+00 9.696675000000001265e-01 9.964821699999999449e-01 9.612510279999998408e-01 9.965325839999999991e-01 9.776644700000000077e-01 4.326556980000000330e-01 2.197892140000000105e-01
1.008129180000000014e-01 6.474312000000001510e-02 5.086116279999999268e-01 2.863833259999999936e-01 9.142947199999999774e-02 6.562015000000000209e-02 9.554106239999999861e-01 9.820186679999999280e-01 5.047963720000000487e-01 2.095887079999999847e-01 4.787343700000000202e-01 2.684995199999999915e-01 4.680684499999999693e-01 3.507262999999999908e-01 9.696675000000001265e-01 0.000000000000000000e+00 9.690159279999999153e-01 9.948775080000000770e-01 9.780011539999999837e-01 9.957069759999999103e-01 4.218593519999999653e-01 2.027841399999999739e-01
1.053372680000000117e-01 7.242453399999999875e-02 5.145819279999999107e-01 2.900971099999999914e-01 9.703321800000000441e-02 6.913955799999998986e-02 9.906349880000000496e-01 9.674262240000001123e-01 4.827574399999999821e-01 2.206489560000000072e-01 4.458606079999999916e-01 2.608082800000000034e-01 4.859853319999999921e-01 3.318251039999999819e-01 9.964821699999999449e-01 9.690159279999999153e-01 0.000000000000000000e+00 9.612621519999999808e-01 9.984631520000000204e-01 9.763525559999999270e-01 4.329068900000000442e-01 2.151208000000000009e-01
9.014319599999999488e-02 6.549962800000000418e-02 5.051109099999999685e-01 2.881697959999999781e-01 8.606679200000000307e-02 6.297093000000000829e-02 9.467958660000000970e-01 9.766144799999999515e-01 5.077584699999999618e-01 2.028982520000000012e-01 4.868243559999999581e-01 2.624882840000000161e-01 4.712103859999999811e-01 3.552700319999999579e-01 9.612510279999998408e-01 9.948775080000000770e-01 9.612621519999999808e-01 0.000000000000000000e+00 9.697622599999998760e-01 9.965009259999998426e-01 4.231020939999999841e-01 2.049806600000000090e-01
1.068315700000000146e-01 6.968172400000001432e-02 5.136385660000000186e-01 2.904205919999999774e-01 9.758438599999999519e-02 6.695389599999999886e-02 9.895298639999999812e-01 9.748137419999999276e-01 4.875711060000000319e-01 2.191352599999999984e-01 4.520626500000000658e-01 2.628000179999999686e-01 4.846646800000000144e-01 3.369413259999999855e-01 9.965325839999999991e-01 9.780011539999999837e-01 9.984631520000000204e-01 9.697622599999998760e-01 0.000000000000000000e+00 9.829122739999999192e-01 4.324058339999999889e-01 2.115968540000000009e-01
9.253810600000000886e-02 6.225743000000000249e-02 5.083731339999999488e-01 2.975147160000000124e-01 8.401237799999998479e-02 5.963563400000000680e-02 9.655236099999999766e-01 9.816358739999999639e-01 5.009743839999999393e-01 2.112681439999999911e-01 4.780884239999999563e-01 2.636103639999999859e-01 4.784269219999999767e-01 3.531849580000000488e-01 9.776644700000000077e-01 9.957069759999999103e-01 9.763525559999999270e-01 9.965009259999998426e-01 9.829122739999999192e-01 0.000000000000000000e+00 4.257386700000000412e-01 2.087971200000000027e-01
2.285112879999999791e-01 2.193689559999999761e-01 2.611369579999999746e-01 3.249033179999999965e-01 2.580654039999999982e-01 2.176957799999999776e-01 4.326439579999999951e-01 4.597398580000000012e-01 2.377817720000000024e-01 2.805606900000000015e-01 2.659852639999999990e-01 3.158874079999999807e-01 7.509548940000000394e-01 4.425429799999999747e-01 4.326556980000000330e-01 4.218593519999999653e-01 4.329068900000000442e-01 4.231020939999999841e-01 4.324058339999999889e-01 4.257386700000000412e-01 0.000000000000000000e+00 7.606622720000000282e-01
2.971028239999999876e-01 3.023819760000000523e-01 2.708032320000000048e-01 4.252403839999999713e-01 3.357136520000000290e-01 3.065348680000000159e-01 2.149302940000000217e-01 2.384139740000000285e-01 2.827889000000000097e-01 3.555910379999999704e-01 3.343261640000000368e-01 2.692889179999999882e-01 5.786253340000000467e-01 3.137972039999999962e-01 2.197892140000000105e-01 2.027841399999999739e-01 2.151208000000000009e-01 2.049806600000000090e-01 2.115968540000000009e-01 2.087971200000000027e-01 7.606622720000000282e-01 0.000000000000000000e+00
