0.000000000000000000e+00 9.803467439999999922e-01 4.331013499999999961e-01 6.920539559999998591e-01 9.784031399999999490e-01 9.742122559999998321e-01 6.220634800000000159e-02 4.812414599999999959e-02 3.180880640000000037e-01 4.479254680000000488e-01 3.347494260000000166e-01 2.942340420000000289e-01 3.066514619999999858e-01 2.027538240000000269e-01 7.395998799999999040e-02 5.799345000000000194e-02 8.191138000000000585e-02 5.847339199999999904e-02 7.059106599999999399e-02 5.977442199999999373e-02 3.520244700000000337e-01 3.428328800000000065e-01
9.803467439999999922e-01 0.000000000000000000e+00 4.032150619999999575e-01 6.526047819999999389e-01 9.822375080000000924e-01 9.917208119999999516e-01 6.504827399999998927e-02 5.114809799999999601e-02 3.128172560000000435e-01 4.404247279999999876e-01 3.309545960000000453e-01 2.837450080000000208e-01 3.279876219999999787e-01 1.849756820000000024e-01 7.217982400000000354e-02 5.095555400000000013e-02 7.825666800000000145e-02 5.722960000000000547e-02 6.750565199999999932e-02 5.847383200000000336e-02 3.640374560000000370e-01 3.529002539999999688e-01
4.331013499999999961e-01 4.032150619999999575e-01 0.000000000000000000e+00 5.523878119999999781e-01 4.248955640000000034e-01 3.903111380000000019e-01 5.216858240000000757e-01 5.031156319999999793e-01 5.143067180000000516e-01 1.717131559999999779e-01 4.987298459999999212e-01 2.305306460000000057e-01 2.892551059999999841e-01 2.223494999999999777e-01 5.034292499999999393e-01 4.993689820000000168e-01 5.092245440000000567e-01 4.996287799999999391e-01 5.064691879999999591e-01 5.004083820000000404e-01 3.333081640000000179e-01 2.440306399999999931e-01
6.920539559999998591e-01 6.526047819999999389e-01 5.523878119999999781e-01 0.000000000000000000e+00 6.484585499999999669e-01 6.589894339999998740e-01 2.808140960000000130e-01 2.982651840000000165e-01 2.136237280000000127e-01 2.994638199999999917e-01 1.922373319999999830e-01 2.251799440000000208e-01 2.001166879999999870e-01 2.535111880000000539e-01 2.806787880000000124e-01 2.868292520000000345e-01 2.819028479999999837e-01 2.898937220000000203e-01 2.828427539999999740e-01 2.838234339999999856e-01 3.099956959999999873e-01 4.241750240000000116e-01
9.784031399999999490e-01 9.822375080000000924e-01 4.248955640000000034e-01 6.484585499999999669e-01 0.000000000000000000e+00 9.676772860000000254e-01 8.729795399999999705e-02 7.945975400000000743e-02 3.070900659999999949e-01 4.386511539999999876e-01 3.135673259999999796e-01 2.901158540000000619e-01 3.327479299999999696e-01 1.830496859999999892e-01 8.490058200000001609e-02 5.928675599999999601e-02 9.171399399999999313e-02 6.809296400000000582e-02 8.092233000000000065e-02 7.082995000000000263e-02 3.779263820000000051e-01 3.662697659999999966e-01
9.742122559999998321e-01 9.917208119999999516e-01 3.903111380000000019e-01 6.589894339999998740e-01 9.676772860000000254e-01 0.000000000000000000e+00 6.568156999999999468e-02 4.435023999999999911e-02 3.212547739999999652e-01 4.414593039999998858e-01 3.459275960000000039e-01 2.723307859999999914e-01 3.223075300000000087e-01 1.980204840000000244e-01 6.896144200000001168e-02 5.672294399999999737e-02 7.682930599999999999e-02 5.872679400000000577e-02 6.492856199999999522e-02 6.056827799999999623e-02 3.576508379999999709e-01 3.504598820000000559e-01
6.220634800000000159e-02 6.504827399999998927e-02 5.216858240000000757e-01 2.808140960000000130e-01 8.729795399999999705e-02 6.568156999999999468e-02 0.000000000000000000e+00 9.604315820000000059e-01 3.917658960000000024e-01 2.050091259999999860e-01 4.249209360000000268e-01 1.640596260000000139e-01 5.673032460000000388e-01 2.425374279999999716e-01 9.875957120000000700e-01 9.549989760000000549e-01 9.854238460000001032e-01 9.439896680000000595e-01 9.877722800000000580e-01 9.640445520000000545e-01 5.396865920000000205e-01 2.052183479999999949e-01
4.812414599999999959e-02 5.114809799999999601e-02 5.031156319999999793e-01 2.982651840000000165e-01 7.945975400000000743e-02 4.435023999999999911e-02 9.604315820000000059e-01 0.000000000000000000e+00 3.573405579999999748e-01 2.139097959999999854e-01 4.267697379999999541e-01 2.110496639999999979e-01 5.894320839999999118e-01 2.654437399999999836e-01 9.619101100000000404e-01 9.800843379999999438e-01 9.601515039999999335e-01 9.750018639999999959e-01 9.696479319999999902e-01 9.807311659999999875e-01 5.692165219999999470e-01 2.360704400000000480e-01
3.180880640000000037e-01 3.128172560000000435e-01 5.143067180000000516e-01 2.136237280000000127e-01 3.070900659999999949e-01 3.212547739999999652e-01 3.917658960000000024e-01 3.573405579999999748e-01 0.000000000000000000e+00 3.319846519999999912e-01 8.227056599999998943e-01 1.825566080000000091e-01 2.890655519999999479e-01 1.389723900000000012e-01 3.972131859999999959e-01 3.867851640000000146e-01 3.901636840000000106e-01 3.806041139999999379e-01 3.909718600000000044e-01 3.839985399999999993e-01 3.144743540000000115e-01 3.166128799999999854e-01
4.479254680000000488e-01 4.404247279999999876e-01 1.717131559999999779e-01 2.994638199999999917e-01 4.386511539999999876e-01 4.414593039999998858e-01 2.050091259999999860e-01 2.139097959999999854e-01 3.319846519999999912e-01 0.000000000000000000e+00 2.844099279999999785e-01 7.811945919999999655e-01 2.991774039999999801e-01 5.864510720000000177e-01 2.205367540000000015e-01 1.931421180000000015e-01 2.360121799999999881e-01 2.070023299999999844e-01 2.217584439999999990e-01 2.000776559999999926e-01 3.473761839999999768e-01 3.438959939999999826e-01
3.347494260000000166e-01 3.309545960000000453e-01 4.987298459999999212e-01 1.922373319999999830e-01 3.135673259999999796e-01 3.459275960000000039e-01 4.249209360000000268e-01 4.267697379999999541e-01 8.227056599999998943e-01 2.844099279999999785e-01 0.000000000000000000e+00 1.598963660000000120e-01 3.161993679999999807e-01 1.026368460000000038e-01 4.281026039999999422e-01 4.398552960000000067e-01 4.256463999999999248e-01 4.350069360000000107e-01 4.279232960000000086e-01 4.357936620000000261e-01 3.093427519999999986e-01 2.927494380000000285e-01
2.942340420000000289e-01 2.837450080000000208e-01 2.305306460000000057e-01 2.251799440000000208e-01 2.901158540000000619e-01 2.723307859999999914e-01 1.640596260000000139e-01 2.110496639999999979e-01 1.825566080000000091e-01 7.811945919999999655e-01 1.598963660000000120e-01 0.000000000000000000e+00 3.161004260000000454e-01 7.778301020000000232e-01 1.629305179999999964e-01 1.584441699999999953e-01 1.655032439999999938e-01 1.604104560000000068e-01 1.610320379999999885e-01 1.658769519999999942e-01 3.738539699999999799e-01 3.292486700000000210e-01
3.066514619999999858e-01 3.279876219999999787e-01 2.892551059999999841e-01 2.001166879999999870e-01 3.327479299999999696e-01 3.223075300000000087e-01 5.673032460000000388e-01 5.894320839999999118e-01 2.890655519999999479e-01 2.991774039999999801e-01 3.161993679999999807e-01 3.161004260000000454e-01 0.000000000000000000e+00 2.708710880000000376e-01 5.846191019999998906e-01 5.666372619999999749e-01 5.818751219999999114e-01 5.751022820000000202e-01 5.813795959999999985e-01 5.847236980000000139e-01 7.892268899999999032e-01 4.998744580000000215e-01
2.027538240000000269e-01 1.849756820000000024e-01 2.223494999999999777e-01 2.535111880000000539e-01 1.830496859999999892e-01 1.980204840000000244e-01 2.425374279999999716e-01 2.654437399999999836e-01 1.389723900000000012e-01 5.864510720000000177e-01 1.026368460000000038e-01 7.778301020000000232e-01 2.708710880000000376e-01 0.000000000000000000e+00 2.336214499999999528e-01 2.641035460000000223e-01 2.163658860000000073e-01 2.572867359999999604e-01 2.267802619999999825e-01 2.652684200000000048e-01 3.059186300000000247e-01 2.170335099999999851e-01
7.395998799999999040e-02 7.217982400000000354e-02 5.034292499999999393e-01 2.806787880000000124e-01 8.490058200000001609e-02 6.896144200000001168e-02 9.875957120000000700e-01 9.619101100000000404e-01 3.972131859999999959e-01 2.205367540000000015e-01 4.281026039999999422e-01 1.629305179999999964e-01 5.846191019999998906e-01 2.336214499999999528e-01 0.000000000000000000e+00 9.628937379999999990e-01 9.950692560000000686e-01 9.510375620000001140e-01 9.965636960000001654e-01 9.713513639999999949e-01 5.492702339999999683e-01 2.084400899999999945e-01
5.799345000000000194e-02 5.095555400000000013e-02 4.993689820000000168e-01 2.868292520000000345e-01 5.928675599999999601e-02 5.672294399999999737e-02 9.549989760000000549e-01 9.800843379999999438e-01 3.867851640000000146e-01 1.931421180000000015e-01 4.398552960000000067e-01 1.584441699999999953e-01 5.666372619999999749e-01 2.641035460000000223e-01 9.628937379999999990e-01 0.000000000000000000e+00 9.572343840000000492e-01 9.940112979999999876e-01 9.685482079999999661e-01 9.956152200000000230e-01 5.416159899999999361e-01 1.928656759999999859e-01
8.191138000000000585e-02 7.825666800000000145e-02 5.092245440000000567e-01 2.819028479999999837e-01 9.171399399999999313e-02 7.682930599999999999e-02 9.854238460000001032e-01 9.601515039999999335e-01 3.901636840000000106e-01 2.360121799999999881e-01 4.256463999999999248e-01 1.655032439999999938e-01 5.818751219999999114e-01 2.163658860000000073e-01 9.950692560000000686e-01 9.572343840000000492e-01 0.000000000000000000e+00 9.450529440000000614e-01 9.980887259999999817e-01 9.644426639999998940e-01 5.517458600000000324e-01 2.185582739999999968e-01
5.847339199999999904e-02 5.722960000000000547e-02 4.996287799999999391e-01 2.898937220000000203e-01 6.809296400000000582e-02 5.872679400000000577e-02 9.439896680000000595e-01 9.750018639999999959e-01 3.806041139999999379e-01 2.070023299999999844e-01 4.350069360000000107e-01 1.604104560000000068e-01 5.751022820000000202e-01 2.572867359999999604e-01 9.510375620000001140e-01 9.940112979999999876e-01 9.450529440000000614e-01 0.000000000000000000e+00 9.567058459999999709e-01 9.951933799999999053e-01 5.496582279999999709e-01 1.989785799999999882e-01
7.059106599999999399e-02 6.750565199999999932e-02 5.064691879999999591e-01 2.828427539999999740e-01 8.092233000000000065e-02 6.492856199999999522e-02 9.877722800000000580e-01 9.696479319999999902e-01 3.909718600000000044e-01 2.217584439999999990e-01 4.279232960000000086e-01 1.610320379999999885e-01 5.813795959999999985e-01 2.267802619999999825e-01 9.965636960000001654e-01 9.685482079999999661e-01 9.980887259999999817e-01 9.567058459999999709e-01 0.000000000000000000e+00 9.746343059999998948e-01 5.487693480000001012e-01 2.112783180000000205e-01
5.977442199999999373e-02 5.847383200000000336e-02 5.004083820000000404e-01 2.838234339999999856e-01 7.082995000000000263e-02 6.056827799999999623e-02 9.640445520000000545e-01 9.807311659999999875e-01 3.839985399999999993e-01 2.000776559999999926e-01 4.357936620000000261e-01 1.658769519999999942e-01 5.847236980000000139e-01 2.652684200000000048e-01 9.713513639999999949e-01 9.956152200000000230e-01 9.644426639999998940e-01 9.951933799999999053e-01 9.746343059999998948e-01 0.000000000000000000e+00 5.525675620000000121e-01 2.038977319999999982e-01
3.520244700000000337e-01 3.640374560000000370e-01 3.333081640000000179e-01 3.099956959999999873e-01 3.779263820000000051e-01 3.576508379999999709e-01 5.396865920000000205e-01 5.692165219999999470e-01 3.144743540000000115e-01 3.473761839999999768e-01 3.093427519999999986e-01 3.738539699999999799e-01 7.892268899999999032e-01 3.059186300000000247e-01 5.492702339999999683e-01 5.416159899999999361e-01 5.517458600000000324e-01 5.496582279999999709e-01 5.487693480000001012e-01 5.525675620000000121e-01 0.000000000000000000e+00 6.366940680000000574e-01
3.428328800000000065e-01 3.529002539999999688e-01 2.440306399999999931e-01 4.241750240000000116e-01 3.662697659999999966e-01 3.504598820000000559e-01 2.052183479999999949e-01 2.360704400000000480e-01 3.166128799999999854e-01 3.438959939999999826e-01 2.927494380000000285e-01 3.292486700000000210e-01 4.998744580000000215e-01 2.170335099999999851e-01 2.084400899999999945e-01 1.928656759999999859e-01 2.185582739999999968e-01 1.989785799999999882e-01 2.112783180000000205e-01 2.038977319999999982e-01 6.366940680000000574e-01 0.000000000000000000e+00
