0.000000000000000000e+00 3.758361920000000134e-01 2.115134760000000058e-01 4.137421020000000560e-01 3.064350379999999929e-01 7.549222540000000148e-01 1.456732239999999901e-01 2.059179939999999931e-01 2.730968520000000010e-01 2.249957499999999944e-01 1.874340060000000141e-01 2.964234319999999867e-01 1.921388219999999869e-01 2.809577980000000363e-01 2.700887879999999686e-01 1.959613559999999755e-01 1.971362780000000259e-01 2.955745839999999736e-01 2.151879360000000241e-01 2.919128360000000089e-01 2.097075939999999972e-01 1.995406819999999970e-01
3.758361920000000134e-01 0.000000000000000000e+00 2.605384379999999833e-01 2.766489300000000151e-01 7.205813960000000407e-01 2.793290419999999719e-01 2.183685060000000178e-01 2.340292000000000205e-01 2.720761900000000511e-01 1.801379419999999953e-01 2.332001979999999697e-01 2.998752980000000123e-01 2.542360620000000404e-01 2.635092920000000061e-01 2.922871120000000156e-01 1.442799779999999754e-01 3.003676720000000300e-01 2.099405920000000092e-01 2.385329340000000298e-01 2.058089059999999859e-01 2.575447339999999974e-01 2.291196219999999673e-01
2.115134760000000058e-01 2.605384379999999833e-01 0.000000000000000000e+00 2.478321419999999775e-01 2.285212040000000333e-01 2.376546700000000123e-01 5.185373820000001022e-01 3.194957999999999965e-01 3.216277419999999942e-01 5.427259079999999791e-01 7.797693060000000509e-01 2.667237319999999912e-01 7.539124939999999331e-01 3.241681020000000135e-01 3.473873520000000381e-01 2.304042060000000003e-01 2.357731059999999823e-01 2.940908620000000084e-01 2.658919399999999933e-01 3.517164579999999541e-01 7.592205799999999227e-01 4.979024879999999764e-01
4.137421020000000560e-01 2.766489300000000151e-01 2.478321419999999775e-01 0.000000000000000000e+00 3.181458019999999776e-01 4.322833099999999762e-01 2.330593639999999911e-01 6.071649480000000931e-01 5.127590580000001008e-01 2.860408480000000142e-01 2.173679259999999613e-01 7.227155720000000283e-01 2.308362419999999970e-01 5.923420979999999281e-01 3.124779839999999864e-01 3.061897480000000393e-01 2.931101660000000053e-01 3.504044020000000037e-01 3.169319820000000010e-01 3.326176200000000582e-01 2.056719180000000091e-01 5.869698899999999941e-01
3.064350379999999929e-01 7.205813960000000407e-01 2.285212040000000333e-01 3.181458019999999776e-01 0.000000000000000000e+00 3.342432180000000086e-01 1.734931780000000257e-01 3.170485600000000348e-01 2.030892519999999979e-01 1.338384679999999882e-01 2.179764539999999862e-01 2.500261599999999973e-01 2.424099700000000301e-01 2.365631839999999819e-01 2.982285439999999843e-01 2.358026839999999846e-01 2.905588259999999923e-01 2.294504559999999971e-01 2.424358919999999862e-01 2.083557380000000125e-01 2.232726760000000310e-01 2.526406820000000053e-01
7.549222540000000148e-01 2.793290419999999719e-01 2.376546700000000123e-01 4.322833099999999762e-01 3.342432180000000086e-01 0.000000000000000000e+00 1.607723280000000199e-01 2.046943580000000207e-01 2.114380940000000209e-01 1.875210479999999680e-01 1.802329540000000008e-01 2.796293060000000219e-01 1.825696059999999954e-01 2.964093560000000127e-01 2.059424540000000248e-01 2.132863279999999973e-01 2.361285039999999891e-01 1.915924919999999754e-01 2.354823540000000048e-01 2.330970680000000184e-01 2.072243740000000167e-01 1.756821619999999751e-01
1.456732239999999901e-01 2.183685060000000178e-01 5.185373820000001022e-01 2.330593639999999911e-01 1.734931780000000257e-01 1.607723280000000199e-01 0.000000000000000000e+00 3.122774620000000612e-01 2.819347060000000349e-01 4.377850159999999713e-01 6.422447660000000225e-01 2.485443479999999705e-01 5.574934039999999147e-01 2.506682480000000379e-01 4.577676840000000635e-01 3.357849560000000233e-01 2.917658020000000185e-01 2.847065799999999869e-01 2.908147500000000107e-01 3.958008459999999840e-01 5.239280980000000643e-01 4.601663500000000018e-01
2.059179939999999931e-01 2.340292000000000205e-01 3.194957999999999965e-01 6.071649480000000931e-01 3.170485600000000348e-01 2.046943580000000207e-01 3.122774620000000612e-01 0.000000000000000000e+00 5.458191300000000412e-01 2.844616380000000166e-01 3.085289100000000451e-01 6.387046020000000102e-01 2.808834300000000450e-01 4.610024899999999870e-01 2.800371320000000219e-01 2.763468299999999878e-01 3.035762799999999761e-01 3.149468240000000141e-01 3.551072919999999633e-01 3.424102860000000081e-01 2.822386780000000206e-01 6.292622140000000419e-01
2.730968520000000010e-01 2.720761900000000511e-01 3.216277419999999942e-01 5.127590580000001008e-01 2.030892519999999979e-01 2.114380940000000209e-01 2.819347060000000349e-01 5.458191300000000412e-01 0.000000000000000000e+00 2.126942920000000348e-01 3.058024899999999824e-01 5.042493120000000051e-01 3.128001480000000001e-01 4.711009859999998883e-01 2.936831540000000018e-01 2.888835080000000111e-01 2.332936840000000289e-01 2.047904740000000001e-01 2.459637459999999831e-01 3.043095380000000461e-01 3.107914059999999923e-01 4.324383639999999640e-01
2.249957499999999944e-01 1.801379419999999953e-01 5.427259079999999791e-01 2.860408480000000142e-01 1.338384679999999882e-01 1.875210479999999680e-01 4.377850159999999713e-01 2.844616380000000166e-01 2.126942920000000348e-01 0.000000000000000000e+00 6.277654700000000476e-01 2.855297600000000213e-01 6.382483159999999822e-01 4.083739519999999845e-01 2.996278780000000141e-01 2.081321060000000112e-01 2.104114239999999858e-01 3.505785840000000264e-01 2.137566519999999914e-01 3.768877600000000161e-01 6.061917100000000502e-01 3.320269939999999642e-01
1.874340060000000141e-01 2.332001979999999697e-01 7.797693060000000509e-01 2.173679259999999613e-01 2.179764539999999862e-01 1.802329540000000008e-01 6.422447660000000225e-01 3.085289100000000451e-01 3.058024899999999824e-01 6.277654700000000476e-01 0.000000000000000000e+00 2.904758260000000480e-01 8.773842220000001024e-01 3.620179219999999920e-01 2.650539779999999679e-01 2.189786400000000022e-01 2.753057859999999968e-01 3.088025819999999366e-01 2.318178839999999741e-01 3.107276079999999885e-01 7.848035619999998991e-01 5.142220920000000195e-01
2.964234319999999867e-01 2.998752980000000123e-01 2.667237319999999912e-01 7.227155720000000283e-01 2.500261599999999973e-01 2.796293060000000219e-01 2.485443479999999705e-01 6.387046020000000102e-01 5.042493120000000051e-01 2.855297600000000213e-01 2.904758260000000480e-01 0.000000000000000000e+00 2.980944179999999721e-01 5.233103879999999597e-01 2.143055559999999526e-01 2.468692859999999933e-01 2.662341160000000206e-01 3.119037159999999420e-01 2.690411899999999301e-01 3.497812299999999985e-01 2.524562599999999879e-01 5.265299799999999530e-01
1.921388219999999869e-01 2.542360620000000404e-01 7.539124939999999331e-01 2.308362419999999970e-01 2.424099700000000301e-01 1.825696059999999954e-01 5.574934039999999147e-01 2.808834300000000450e-01 3.128001480000000001e-01 6.382483159999999822e-01 8.773842220000001024e-01 2.980944179999999721e-01 0.000000000000000000e+00 2.968358620000000059e-01 3.245170339999999820e-01 2.029031400000000096e-01 3.028516339999999807e-01 3.174575039999999460e-01 2.309485079999999968e-01 3.217302960000000267e-01 8.046666820000000220e-01 4.794287799999999988e-01
2.809577980000000363e-01 2.635092920000000061e-01 3.241681020000000135e-01 5.923420979999999281e-01 2.365631839999999819e-01 2.964093560000000127e-01 2.506682480000000379e-01 4.610024899999999870e-01 4.711009859999998883e-01 4.083739519999999845e-01 3.620179219999999920e-01 5.233103879999999597e-01 2.968358620000000059e-01 0.000000000000000000e+00 4.022414939999999772e-01 2.329786140000000005e-01 2.424422600000000205e-01 3.551342939999999615e-01 2.775819620000000154e-01 3.894783279999999848e-01 2.706852859999999694e-01 4.194207899999999323e-01
2.700887879999999686e-01 2.922871120000000156e-01 3.473873520000000381e-01 3.124779839999999864e-01 2.982285439999999843e-01 2.059424540000000248e-01 4.577676840000000635e-01 2.800371320000000219e-01 2.936831540000000018e-01 2.996278780000000141e-01 2.650539779999999679e-01 2.143055559999999526e-01 3.245170339999999820e-01 4.022414939999999772e-01 0.000000000000000000e+00 2.318498659999999878e-01 4.228112659999999634e-01 4.011054200000000458e-01 3.768154179999999576e-01 5.317013179999999783e-01 2.677782980000000257e-01 2.508588120000000421e-01
1.959613559999999755e-01 1.442799779999999754e-01 2.304042060000000003e-01 3.061897480000000393e-01 2.358026839999999846e-01 2.132863279999999973e-01 3.357849560000000233e-01 2.763468299999999878e-01 2.888835080000000111e-01 2.081321060000000112e-01 2.189786400000000022e-01 2.468692859999999933e-01 2.029031400000000096e-01 2.329786140000000005e-01 2.318498659999999878e-01 0.000000000000000000e+00 3.032098139999999664e-01 3.790393380000000034e-01 4.827955259999999749e-01 3.747010999999999536e-01 2.063042460000000244e-01 2.390911540000000279e-01
1.971362780000000259e-01 3.003676720000000300e-01 2.357731059999999823e-01 2.931101660000000053e-01 2.905588259999999923e-01 2.361285039999999891e-01 2.917658020000000185e-01 3.035762799999999761e-01 2.332936840000000289e-01 2.104114239999999858e-01 2.753057859999999968e-01 2.662341160000000206e-01 3.028516339999999807e-01 2.424422600000000205e-01 4.228112659999999634e-01 3.032098139999999664e-01 0.000000000000000000e+00 3.173491540000000222e-01 8.235094879999997897e-01 3.542023520000000536e-01 2.164119759999999781e-01 3.020102120000000001e-01
2.955745839999999736e-01 2.099405920000000092e-01 2.940908620000000084e-01 3.504044020000000037e-01 2.294504559999999971e-01 1.915924919999999754e-01 2.847065799999999869e-01 3.149468240000000141e-01 2.047904740000000001e-01 3.505785840000000264e-01 3.088025819999999366e-01 3.119037159999999420e-01 3.174575039999999460e-01 3.551342939999999615e-01 4.011054200000000458e-01 3.790393380000000034e-01 3.173491540000000222e-01 0.000000000000000000e+00 3.113807699999999734e-01 7.031532879999999874e-01 2.843770420000000243e-01 2.821922199999999936e-01
2.151879360000000241e-01 2.385329340000000298e-01 2.658919399999999933e-01 3.169319820000000010e-01 2.424358919999999862e-01 2.354823540000000048e-01 2.908147500000000107e-01 3.551072919999999633e-01 2.459637459999999831e-01 2.137566519999999914e-01 2.318178839999999741e-01 2.690411899999999301e-01 2.309485079999999968e-01 2.775819620000000154e-01 3.768154179999999576e-01 4.827955259999999749e-01 8.235094879999997897e-01 3.113807699999999734e-01 0.000000000000000000e+00 3.918092039999999665e-01 2.066644219999999588e-01 3.010445199999999266e-01
2.919128360000000089e-01 2.058089059999999859e-01 3.517164579999999541e-01 3.326176200000000582e-01 2.083557380000000125e-01 2.330970680000000184e-01 3.958008459999999840e-01 3.424102860000000081e-01 3.043095380000000461e-01 3.768877600000000161e-01 3.107276079999999885e-01 3.497812299999999985e-01 3.217302960000000267e-01 3.894783279999999848e-01 5.317013179999999783e-01 3.747010999999999536e-01 3.542023520000000536e-01 7.031532879999999874e-01 3.918092039999999665e-01 0.000000000000000000e+00 3.569831540000000247e-01 2.493163519999999633e-01
2.097075939999999972e-01 2.575447339999999974e-01 7.592205799999999227e-01 2.056719180000000091e-01 2.232726760000000310e-01 2.072243740000000167e-01 5.239280980000000643e-01 2.822386780000000206e-01 3.107914059999999923e-01 6.061917100000000502e-01 7.848035619999998991e-01 2.524562599999999879e-01 8.046666820000000220e-01 2.706852859999999694e-01 2.677782980000000257e-01 2.063042460000000244e-01 2.164119759999999781e-01 2.843770420000000243e-01 2.066644219999999588e-01 3.569831540000000247e-01 0.000000000000000000e+00 4.633471480000000975e-01
1.995406819999999970e-01 2.291196219999999673e-01 4.979024879999999764e-01 5.869698899999999941e-01 2.526406820000000053e-01 1.756821619999999751e-01 4.601663500000000018e-01 6.292622140000000419e-01 4.324383639999999640e-01 3.320269939999999642e-01 5.142220920000000195e-01 5.265299799999999530e-01 4.794287799999999988e-01 4.194207899999999323e-01 2.508588120000000421e-01 2.390911540000000279e-01 3.020102120000000001e-01 2.821922199999999936e-01 3.010445199999999266e-01 2.493163519999999633e-01 4.633471480000000975e-01 0.000000000000000000e+00
