0.000000000000000000e+00 3.955044999999999811e-01 3.707306659999999865e-01 2.191926740000000040e-01 3.545665040000000046e-01 7.468605099999999775e-01 2.075438880000000097e-01 1.800151620000000063e-01 3.118628580000000206e-01 2.236605039999999822e-01 2.601146719999999912e-01 1.787373399999999946e-01 1.682507119999999967e-01 3.249525880000000422e-01 2.911408939999999834e-01 3.298104800000000170e-01 2.630393500000000051e-01 2.050270360000000236e-01 2.889571360000000033e-01 2.887418920000000000e-01 2.652943939999999889e-01 2.417586080000000415e-01
3.955044999999999811e-01 0.000000000000000000e+00 2.503644999999999898e-01 2.838868620000000176e-01 5.670899240000000230e-01 4.002070800000000483e-01 2.361642579999999880e-01 2.154824779999999773e-01 1.724641119999999750e-01 2.401789680000000204e-01 3.112163940000000073e-01 1.637093960000000070e-01 2.854121600000000258e-01 2.218089719999999931e-01 2.085967679999999880e-01 2.686637960000000103e-01 1.344465300000000085e-01 1.603181580000000162e-01 2.310114839999999892e-01 2.811116980000000209e-01 2.134531519999999793e-01 1.664181539999999848e-01
3.707306659999999865e-01 2.503644999999999898e-01 0.000000000000000000e+00 3.244718800000000458e-01 2.503321879999999555e-01 2.424100839999999979e-01 2.575248800000000116e-01 1.830575619999999792e-01 3.428252280000000374e-01 3.690416420000000031e-01 4.637786779999999998e-01 1.554207639999999890e-01 3.440520859999999792e-01 1.914123820000000198e-01 2.081915260000000156e-01 1.608245020000000081e-01 2.208223420000000325e-01 1.964340059999999943e-01 1.844711699999999899e-01 1.718266099999999907e-01 3.311602020000000146e-01 3.191794959999999515e-01
2.191926740000000040e-01 2.838868620000000176e-01 3.244718800000000458e-01 0.000000000000000000e+00 1.761078739999999976e-01 2.261613059999999786e-01 2.129988780000000026e-01 2.159634899999999802e-01 2.457245859999999948e-01 2.828562760000000176e-01 1.871317680000000039e-01 3.046353920000000048e-01 2.891621759999999930e-01 2.632751899999999923e-01 2.009869360000000049e-01 2.155912919999999899e-01 1.835914460000000192e-01 2.166849040000000115e-01 1.612851780000000290e-01 1.606969680000000233e-01 2.539375579999999522e-01 1.913946539999999974e-01
3.545665040000000046e-01 5.670899240000000230e-01 2.503321879999999555e-01 1.761078739999999976e-01 0.000000000000000000e+00 2.912284639999999647e-01 2.855851340000000183e-01 2.610083719999999330e-01 2.258538360000000300e-01 1.452197339999999892e-01 2.295388500000000165e-01 1.539864719999999854e-01 1.639958039999999673e-01 1.519052660000000110e-01 2.796146320000000296e-01 1.809801879999999863e-01 2.135680660000000286e-01 1.099865339999999969e-01 2.104088779999999659e-01 1.999231860000000027e-01 2.185753260000000142e-01 2.081798019999999971e-01
7.468605099999999775e-01 4.002070800000000483e-01 2.424100839999999979e-01 2.261613059999999786e-01 2.912284639999999647e-01 0.000000000000000000e+00 1.966862019999999767e-01 1.399354299999999995e-01 2.615087500000000120e-01 1.925291479999999833e-01 2.075637760000000331e-01 1.887442520000000012e-01 2.579651379999999827e-01 2.308927999999999814e-01 2.943179299999999499e-01 3.178719580000000100e-01 2.114360340000000227e-01 1.972351780000000110e-01 2.514202700000000013e-01 2.823711139999999786e-01 1.813940880000000089e-01 1.688992440000000039e-01
2.075438880000000097e-01 2.361642579999999880e-01 2.575248800000000116e-01 2.129988780000000026e-01 2.855851340000000183e-01 1.966862019999999767e-01 0.000000000000000000e+00 2.106027619999999989e-01 3.096413339999999903e-01 2.139717499999999606e-01 1.802464699999999920e-01 2.095342120000000252e-01 2.225215800000000521e-01 2.018383440000000029e-01 3.223310759999999942e-01 1.456521120000000002e-01 2.687174399999999741e-01 1.991565279999999993e-01 2.692464059999999937e-01 2.322708040000000251e-01 1.732950219999999653e-01 2.747329299999999863e-01
1.800151620000000063e-01 2.154824779999999773e-01 1.830575619999999792e-01 2.159634899999999802e-01 2.610083719999999330e-01 1.399354299999999995e-01 2.106027619999999989e-01 0.000000000000000000e+00 2.427341120000000296e-01 2.968250020000000045e-01 2.138600160000000139e-01 2.694938199999999950e-01 2.121938800000000014e-01 2.557959739999999815e-01 1.078487480000000220e-01 1.318683419999999995e-01 1.515641480000000096e-01 2.064201619999999904e-01 1.892147959999999907e-01 2.131266800000000128e-01 2.447182980000000008e-01 2.283733980000000607e-01
3.118628580000000206e-01 1.724641119999999750e-01 3.428252280000000374e-01 2.457245859999999948e-01 2.258538360000000300e-01 2.615087500000000120e-01 3.096413339999999903e-01 2.427341120000000296e-01 0.000000000000000000e+00 3.171901400000000093e-01 3.206004820000000199e-01 3.817825200000000141e-01 3.619180939999999680e-01 3.380109199999999925e-01 2.515786359999999666e-01 1.312599600000000089e-01 2.957489460000000125e-01 1.411272419999999861e-01 3.141955799999999743e-01 1.542636079999999965e-01 2.884372579999999742e-01 4.714003780000000643e-01
2.236605039999999822e-01 2.401789680000000204e-01 3.690416420000000031e-01 2.828562760000000176e-01 1.452197339999999892e-01 1.925291479999999833e-01 2.139717499999999606e-01 2.968250020000000045e-01 3.171901400000000093e-01 0.000000000000000000e+00 4.167119039999999108e-01 3.431310419999999972e-01 4.500822640000000097e-01 3.767872299999999730e-01 2.551646559999999897e-01 3.146297040000000100e-01 2.165666800000000392e-01 2.702382100000000342e-01 2.779063700000000137e-01 2.283761779999999852e-01 4.232225439999999783e-01 3.553663000000000238e-01
2.601146719999999912e-01 3.112163940000000073e-01 4.637786779999999998e-01 1.871317680000000039e-01 2.295388500000000165e-01 2.075637760000000331e-01 1.802464699999999920e-01 2.138600160000000139e-01 3.206004820000000199e-01 4.167119039999999108e-01 0.000000000000000000e+00 2.873643439999999938e-01 6.048571939999999314e-01 2.317722079999999796e-01 2.258134619999999926e-01 2.262666600000000083e-01 2.980367480000000180e-01 2.762072799999999995e-01 2.952666179999999807e-01 1.792964439999999993e-01 4.867054720000000279e-01 2.493076739999999791e-01
1.787373399999999946e-01 1.637093960000000070e-01 1.554207639999999890e-01 3.046353920000000048e-01 1.539864719999999854e-01 1.887442520000000012e-01 2.095342120000000252e-01 2.694938199999999950e-01 3.817825200000000141e-01 3.431310419999999972e-01 2.873643439999999938e-01 0.000000000000000000e+00 3.153467260000000216e-01 5.257741319999998941e-01 2.465050480000000044e-01 2.699838879999999497e-01 2.840451140000000430e-01 1.174172380000000071e-01 2.554272140000000135e-01 2.972882860000000127e-01 2.538629960000000074e-01 2.550838439999999485e-01
1.682507119999999967e-01 2.854121600000000258e-01 3.440520859999999792e-01 2.891621759999999930e-01 1.639958039999999673e-01 2.579651379999999827e-01 2.225215800000000521e-01 2.121938800000000014e-01 3.619180939999999680e-01 4.500822640000000097e-01 6.048571939999999314e-01 3.153467260000000216e-01 0.000000000000000000e+00 2.597678319999999763e-01 2.764613900000000291e-01 2.171866340000000173e-01 2.477060019999999807e-01 2.404570840000000431e-01 2.655699699999999885e-01 2.163224599999999942e-01 4.136620080000000255e-01 1.887751180000000195e-01
3.249525880000000422e-01 2.218089719999999931e-01 1.914123820000000198e-01 2.632751899999999923e-01 1.519052660000000110e-01 2.308927999999999814e-01 2.018383440000000029e-01 2.557959739999999815e-01 3.380109199999999925e-01 3.767872299999999730e-01 2.317722079999999796e-01 5.257741319999998941e-01 2.597678319999999763e-01 0.000000000000000000e+00 3.037104339999999736e-01 3.340147199999999872e-01 2.958330200000000021e-01 2.685262660000000134e-01 2.263250359999999795e-01 2.609809659999999809e-01 2.178389000000000020e-01 2.105684680000000086e-01
2.911408939999999834e-01 2.085967679999999880e-01 2.081915260000000156e-01 2.009869360000000049e-01 2.796146320000000296e-01 2.943179299999999499e-01 3.223310759999999942e-01 1.078487480000000220e-01 2.515786359999999666e-01 2.551646559999999897e-01 2.258134619999999926e-01 2.465050480000000044e-01 2.764613900000000291e-01 3.037104339999999736e-01 0.000000000000000000e+00 2.566568919999999698e-01 4.554108060000000013e-01 2.329304480000000122e-01 3.756201220000000562e-01 3.961143500000000595e-01 2.571366959999999979e-01 2.173007799999999712e-01
3.298104800000000170e-01 2.686637960000000103e-01 1.608245020000000081e-01 2.155912919999999899e-01 1.809801879999999863e-01 3.178719580000000100e-01 1.456521120000000002e-01 1.318683419999999995e-01 1.312599600000000089e-01 3.146297040000000100e-01 2.262666600000000083e-01 2.699838879999999497e-01 2.171866340000000173e-01 3.340147199999999872e-01 2.566568919999999698e-01 0.000000000000000000e+00 1.854223180000000026e-01 3.470808939999999732e-01 2.065774679999999586e-01 6.200136019999999970e-01 2.430872980000000072e-01 1.478580459999999930e-01
2.630393500000000051e-01 1.344465300000000085e-01 2.208223420000000325e-01 1.835914460000000192e-01 2.135680660000000286e-01 2.114360340000000227e-01 2.687174399999999741e-01 1.515641480000000096e-01 2.957489460000000125e-01 2.165666800000000392e-01 2.980367480000000180e-01 2.840451140000000430e-01 2.477060019999999807e-01 2.958330200000000021e-01 4.554108060000000013e-01 1.854223180000000026e-01 0.000000000000000000e+00 1.753787880000000077e-01 5.707726579999999883e-01 2.224765480000000240e-01 2.898003900000000188e-01 1.718841059999999810e-01
2.050270360000000236e-01 1.603181580000000162e-01 1.964340059999999943e-01 2.166849040000000115e-01 1.099865339999999969e-01 1.972351780000000110e-01 1.991565279999999993e-01 2.064201619999999904e-01 1.411272419999999861e-01 2.702382100000000342e-01 2.762072799999999995e-01 1.174172380000000071e-01 2.404570840000000431e-01 2.685262660000000134e-01 2.329304480000000122e-01 3.470808939999999732e-01 1.753787880000000077e-01 0.000000000000000000e+00 2.251695340000000045e-01 2.565805140000000373e-01 1.744504720000000231e-01 1.742089880000000091e-01
2.889571360000000033e-01 2.310114839999999892e-01 1.844711699999999899e-01 1.612851780000000290e-01 2.104088779999999659e-01 2.514202700000000013e-01 2.692464059999999937e-01 1.892147959999999907e-01 3.141955799999999743e-01 2.779063700000000137e-01 2.952666179999999807e-01 2.554272140000000135e-01 2.655699699999999885e-01 2.263250359999999795e-01 3.756201220000000562e-01 2.065774679999999586e-01 5.707726579999999883e-01 2.251695340000000045e-01 0.000000000000000000e+00 2.124240579999999989e-01 2.374101060000000096e-01 1.430744479999999930e-01
2.887418920000000000e-01 2.811116980000000209e-01 1.718266099999999907e-01 1.606969680000000233e-01 1.999231860000000027e-01 2.823711139999999786e-01 2.322708040000000251e-01 2.131266800000000128e-01 1.542636079999999965e-01 2.283761779999999852e-01 1.792964439999999993e-01 2.972882860000000127e-01 2.163224599999999942e-01 2.609809659999999809e-01 3.961143500000000595e-01 6.200136019999999970e-01 2.224765480000000240e-01 2.565805140000000373e-01 2.124240579999999989e-01 0.000000000000000000e+00 1.554582359999999996e-01 1.921514959999999772e-01
2.652943939999999889e-01 2.134531519999999793e-01 3.311602020000000146e-01 2.539375579999999522e-01 2.185753260000000142e-01 1.813940880000000089e-01 1.732950219999999653e-01 2.447182980000000008e-01 2.884372579999999742e-01 4.232225439999999783e-01 4.867054720000000279e-01 2.538629960000000074e-01 4.136620080000000255e-01 2.178389000000000020e-01 2.571366959999999979e-01 2.430872980000000072e-01 2.898003900000000188e-01 1.744504720000000231e-01 2.374101060000000096e-01 1.554582359999999996e-01 0.000000000000000000e+00 4.687125339999999585e-01
2.417586080000000415e-01 1.664181539999999848e-01 3.191794959999999515e-01 1.913946539999999974e-01 2.081798019999999971e-01 1.688992440000000039e-01 2.747329299999999863e-01 2.283733980000000607e-01 4.714003780000000643e-01 3.553663000000000238e-01 2.493076739999999791e-01 2.550838439999999485e-01 1.887751180000000195e-01 2.105684680000000086e-01 2.173007799999999712e-01 1.478580459999999930e-01 1.718841059999999810e-01 1.742089880000000091e-01 1.430744479999999930e-01 1.921514959999999772e-01 4.687125339999999585e-01 0.000000000000000000e+00
