0.000000000000000000e+00 6.523568220000000029e-01 4.388508560000000114e-01 4.661101839999999830e-01 6.970975040000000345e-01 8.919752140000000162e-01 1.049006340000000065e-01 1.269261680000000059e-01 1.744335419999999970e-01 8.411584799999999307e-02 1.025677059999999807e-01 8.625331199999999865e-02 1.418782300000000218e-01 7.732410799999998863e-02 8.920360400000000578e-02 1.184209080000000053e-01 9.015824599999999744e-02 1.091124020000000111e-01 1.061541140000000077e-01 1.116259300000000121e-01 1.475996220000000136e-01 1.352873320000000101e-01
6.523568220000000029e-01 0.000000000000000000e+00 4.423751079999999614e-01 3.453831820000000108e-01 8.406337519999999008e-01 6.332379379999999447e-01 9.557350000000000567e-02 1.013233300000000031e-01 1.485411259999999956e-01 7.219097599999999004e-02 8.669594199999999806e-02 1.014929280000000100e-01 1.212724319999999995e-01 8.440121399999998830e-02 8.672271000000000840e-02 7.891159000000000368e-02 1.083403979999999905e-01 6.887655399999999262e-02 9.392322200000000065e-02 7.460122999999999061e-02 1.277328699999999984e-01 1.151386479999999962e-01
4.388508560000000114e-01 4.423751079999999614e-01 0.000000000000000000e+00 4.526856240000000087e-01 4.368711619999999796e-01 4.248937600000000647e-01 3.946237320000000048e-01 2.869426700000000108e-01 5.380847479999999461e-01 3.991762859999999913e-01 6.420062960000000318e-01 2.400964259999999739e-01 6.322568699999999708e-01 2.111637279999999950e-01 1.408255380000000001e-01 1.616708840000000147e-01 9.727251600000000331e-02 8.333415199999999468e-02 1.576185940000000008e-01 1.824208160000000134e-01 6.203247440000000390e-01 5.163311619999999547e-01
4.661101839999999830e-01 3.453831820000000108e-01 4.526856240000000087e-01 0.000000000000000000e+00 3.625084740000000250e-01 4.365636280000000369e-01 3.096126100000000103e-01 5.422343219999999908e-01 4.675284139999999478e-01 5.383585060000000144e-01 3.048163380000000200e-01 5.969604739999999632e-01 3.020730280000000212e-01 5.335261879999999568e-01 1.038200140000000021e-01 2.575936560000000042e-01 8.853596599999999373e-02 1.491962839999999846e-01 1.318357760000000156e-01 1.993340599999999796e-01 4.288747739999999586e-01 5.754106099999999335e-01
6.970975040000000345e-01 8.406337519999999008e-01 4.368711619999999796e-01 3.625084740000000250e-01 0.000000000000000000e+00 6.992879640000000396e-01 6.614072799999999586e-02 8.372188799999999431e-02 1.394039440000000019e-01 5.664175800000000038e-02 6.767297199999999791e-02 9.869832000000000605e-02 1.012615719999999941e-01 7.036791400000000363e-02 8.511311200000000465e-02 6.183493399999999418e-02 8.903872200000000070e-02 1.002554360000000033e-01 8.551059199999999638e-02 1.054596780000000011e-01 1.156447320000000001e-01 1.218851440000000147e-01
8.919752140000000162e-01 6.332379379999999447e-01 4.248937600000000647e-01 4.365636280000000369e-01 6.992879640000000396e-01 0.000000000000000000e+00 9.861600200000000815e-02 1.248132860000000094e-01 1.271205799999999830e-01 8.175008200000000169e-02 8.762015199999999282e-02 1.035873260000000073e-01 1.211767459999999880e-01 1.015731940000000055e-01 1.028874939999999960e-01 1.022710419999999926e-01 1.112843699999999936e-01 1.003052660000000040e-01 1.117185120000000059e-01 8.983979000000000270e-02 1.227442800000000112e-01 1.112466420000000067e-01
1.049006340000000065e-01 9.557350000000000567e-02 3.946237320000000048e-01 3.096126100000000103e-01 6.614072799999999586e-02 9.861600200000000815e-02 0.000000000000000000e+00 5.017026639999999649e-01 4.359907520000000369e-01 4.254323399999999644e-01 4.289654140000000448e-01 3.005607959999999634e-01 3.936842279999999694e-01 2.225039919999999838e-01 4.682763060000000310e-01 3.294537260000000023e-01 1.693074860000000070e-01 1.921641119999999980e-01 2.384786059999999819e-01 4.498565100000000427e-01 4.340155039999999964e-01 4.128488060000000681e-01
1.269261680000000059e-01 1.013233300000000031e-01 2.869426700000000108e-01 5.422343219999999908e-01 8.372188799999999431e-02 1.248132860000000094e-01 5.017026639999999649e-01 0.000000000000000000e+00 4.488580780000000492e-01 5.213944980000000395e-01 3.152222020000000069e-01 5.723339499999998692e-01 2.796805460000000298e-01 4.292511839999999523e-01 1.009589780000000048e-01 5.109392560000000083e-01 1.102719580000000033e-01 1.547369839999999941e-01 2.252291399999999943e-01 3.246735779999999627e-01 3.859643520000000105e-01 5.376590180000000441e-01
1.744335419999999970e-01 1.485411259999999956e-01 5.380847479999999461e-01 4.675284139999999478e-01 1.394039440000000019e-01 1.271205799999999830e-01 4.359907520000000369e-01 4.488580780000000492e-01 0.000000000000000000e+00 4.717285320000000337e-01 6.068480619999999659e-01 4.441602999999999524e-01 6.734810199999999858e-01 3.599773199999999340e-01 1.022623419999999922e-01 2.053619359999999949e-01 1.141552420000000040e-01 6.739509800000001438e-02 1.459013919999999909e-01 2.000713720000000251e-01 6.717519739999999739e-01 6.398970320000000322e-01
8.411584799999999307e-02 7.219097599999999004e-02 3.991762859999999913e-01 5.383585060000000144e-01 5.664175800000000038e-02 8.175008200000000169e-02 4.254323399999999644e-01 5.213944980000000395e-01 4.717285320000000337e-01 0.000000000000000000e+00 4.805031040000000142e-01 6.145130479999999507e-01 4.265204840000000885e-01 6.908494020000001123e-01 9.328291200000000949e-02 2.702774760000000165e-01 1.130423999999999873e-01 9.688421799999999418e-02 1.371297920000000004e-01 2.373953799999999892e-01 5.547340060000000017e-01 6.114288379999999190e-01
1.025677059999999807e-01 8.669594199999999806e-02 6.420062960000000318e-01 3.048163380000000200e-01 6.767297199999999791e-02 8.762015199999999282e-02 4.289654140000000448e-01 3.152222020000000069e-01 6.068480619999999659e-01 4.805031040000000142e-01 0.000000000000000000e+00 2.851107019999999936e-01 7.910849400000000697e-01 2.193177099999999713e-01 1.181939520000000049e-01 1.497345499999999663e-01 1.148092939999999923e-01 8.409401599999999366e-02 1.665786640000000152e-01 2.021620540000000354e-01 7.157850800000000735e-01 5.776720220000000072e-01
8.625331199999999865e-02 1.014929280000000100e-01 2.400964259999999739e-01 5.969604739999999632e-01 9.869832000000000605e-02 1.035873260000000073e-01 3.005607959999999634e-01 5.723339499999998692e-01 4.441602999999999524e-01 6.145130479999999507e-01 2.851107019999999936e-01 0.000000000000000000e+00 2.530156840000000185e-01 6.738405820000000768e-01 8.727817599999999898e-02 2.447761020000000232e-01 9.580712200000000844e-02 8.784201399999999604e-02 1.082261160000000111e-01 1.771969020000000172e-01 3.596181439999999729e-01 5.479235339999999344e-01
1.418782300000000218e-01 1.212724319999999995e-01 6.322568699999999708e-01 3.020730280000000212e-01 1.012615719999999941e-01 1.211767459999999880e-01 3.936842279999999694e-01 2.796805460000000298e-01 6.734810199999999858e-01 4.265204840000000885e-01 7.910849400000000697e-01 2.530156840000000185e-01 0.000000000000000000e+00 1.760697179999999862e-01 1.127842139999999799e-01 1.520259220000000078e-01 9.934623400000000548e-02 7.651507199999998954e-02 1.538826239999999956e-01 1.769594920000000238e-01 6.748331560000000451e-01 5.292437839999999394e-01
7.732410799999998863e-02 8.440121399999998830e-02 2.111637279999999950e-01 5.335261879999999568e-01 7.036791400000000363e-02 1.015731940000000055e-01 2.225039919999999838e-01 4.292511839999999523e-01 3.599773199999999340e-01 6.908494020000001123e-01 2.193177099999999713e-01 6.738405820000000768e-01 1.760697179999999862e-01 0.000000000000000000e+00 6.416497799999999752e-02 1.894622800000000107e-01 1.130091659999999942e-01 7.324329799999999835e-02 1.033594740000000067e-01 1.605259420000000048e-01 3.201638299999999271e-01 4.767195200000000632e-01
8.920360400000000578e-02 8.672271000000000840e-02 1.408255380000000001e-01 1.038200140000000021e-01 8.511311200000000465e-02 1.028874939999999960e-01 4.682763060000000310e-01 1.009589780000000048e-01 1.022623419999999922e-01 9.328291200000000949e-02 1.181939520000000049e-01 8.727817599999999898e-02 1.127842139999999799e-01 6.416497799999999752e-02 0.000000000000000000e+00 1.252860719999999983e-01 1.563465800000000128e-01 1.118243419999999932e-01 1.165689480000000194e-01 2.438907939999999941e-01 8.238799199999999323e-02 6.563138599999998601e-02
1.184209080000000053e-01 7.891159000000000368e-02 1.616708840000000147e-01 2.575936560000000042e-01 6.183493399999999418e-02 1.022710419999999926e-01 3.294537260000000023e-01 5.109392560000000083e-01 2.053619359999999949e-01 2.702774760000000165e-01 1.497345499999999663e-01 2.447761020000000232e-01 1.520259220000000078e-01 1.894622800000000107e-01 1.252860719999999983e-01 0.000000000000000000e+00 9.386133799999998861e-02 2.551934820000000270e-01 2.000907319999999934e-01 2.987162119999999810e-01 1.912951239999999831e-01 2.009935559999999621e-01
9.015824599999999744e-02 1.083403979999999905e-01 9.727251600000000331e-02 8.853596599999999373e-02 8.903872200000000070e-02 1.112843699999999936e-01 1.693074860000000070e-01 1.102719580000000033e-01 1.141552420000000040e-01 1.130423999999999873e-01 1.148092939999999923e-01 9.580712200000000844e-02 9.934623400000000548e-02 1.130091659999999942e-01 1.563465800000000128e-01 9.386133799999998861e-02 0.000000000000000000e+00 9.226194200000001344e-02 8.345505180000000189e-01 1.408495740000000052e-01 1.052502179999999787e-01 1.141636379999999978e-01
1.091124020000000111e-01 6.887655399999999262e-02 8.333415199999999468e-02 1.491962839999999846e-01 1.002554360000000033e-01 1.003052660000000040e-01 1.921641119999999980e-01 1.547369839999999941e-01 6.739509800000001438e-02 9.688421799999999418e-02 8.409401599999999366e-02 8.784201399999999604e-02 7.651507199999998954e-02 7.324329799999999835e-02 1.118243419999999932e-01 2.551934820000000270e-01 9.226194200000001344e-02 0.000000000000000000e+00 1.187934340000000033e-01 6.394617320000000049e-01 9.559255199999998343e-02 8.881163400000000041e-02
1.061541140000000077e-01 9.392322200000000065e-02 1.576185940000000008e-01 1.318357760000000156e-01 8.551059199999999638e-02 1.117185120000000059e-01 2.384786059999999819e-01 2.252291399999999943e-01 1.459013919999999909e-01 1.371297920000000004e-01 1.665786640000000152e-01 1.082261160000000111e-01 1.538826239999999956e-01 1.033594740000000067e-01 1.165689480000000194e-01 2.000907319999999934e-01 8.345505180000000189e-01 1.187934340000000033e-01 0.000000000000000000e+00 1.819487820000000033e-01 1.585685079999999969e-01 1.460774800000000095e-01
1.116259300000000121e-01 7.460122999999999061e-02 1.824208160000000134e-01 1.993340599999999796e-01 1.054596780000000011e-01 8.983979000000000270e-02 4.498565100000000427e-01 3.246735779999999627e-01 2.000713720000000251e-01 2.373953799999999892e-01 2.021620540000000354e-01 1.771969020000000172e-01 1.769594920000000238e-01 1.605259420000000048e-01 2.438907939999999941e-01 2.987162119999999810e-01 1.408495740000000052e-01 6.394617320000000049e-01 1.819487820000000033e-01 0.000000000000000000e+00 1.809132519999999966e-01 2.209727480000000244e-01
1.475996220000000136e-01 1.277328699999999984e-01 6.203247440000000390e-01 4.288747739999999586e-01 1.156447320000000001e-01 1.227442800000000112e-01 4.340155039999999964e-01 3.859643520000000105e-01 6.717519739999999739e-01 5.547340060000000017e-01 7.157850800000000735e-01 3.596181439999999729e-01 6.748331560000000451e-01 3.201638299999999271e-01 8.238799199999999323e-02 1.912951239999999831e-01 1.052502179999999787e-01 9.559255199999998343e-02 1.585685079999999969e-01 1.809132519999999966e-01 0.000000000000000000e+00 7.393764019999999881e-01
1.352873320000000101e-01 1.151386479999999962e-01 5.163311619999999547e-01 5.754106099999999335e-01 1.218851440000000147e-01 1.112466420000000067e-01 4.128488060000000681e-01 5.376590180000000441e-01 6.398970320000000322e-01 6.114288379999999190e-01 5.776720220000000072e-01 5.479235339999999344e-01 5.292437839999999394e-01 4.767195200000000632e-01 6.563138599999998601e-02 2.009935559999999621e-01 1.141636379999999978e-01 8.881163400000000041e-02 1.460774800000000095e-01 2.209727480000000244e-01 7.393764019999999881e-01 0.000000000000000000e+00
