0.000000000000000000e+00 8.162907059999999770e-01 4.737464400000000464e-01 3.857187299999999541e-01 7.328244600000000109e-01 8.449864200000000158e-01 3.191337899999999728e-01 3.338152140000000268e-01 4.362800240000000440e-01 3.897496739999999349e-01 4.333944820000000253e-01 4.063106000000000217e-01 4.076352599999999993e-01 4.359425319999999937e-01 3.502295980000000308e-01 3.705404200000000370e-01 2.751734759999999724e-01 3.220179459999999994e-01 3.778062980000000404e-01 3.439993259999999387e-01 3.688879719999998974e-01 3.319366339999999527e-01
8.162907059999999770e-01 0.000000000000000000e+00 3.448455799999999849e-01 2.419273700000000304e-01 8.613571220000000306e-01 8.520282739999999189e-01 2.329015119999999772e-01 2.580120659999999844e-01 3.442437879999999395e-01 3.676539099999999727e-01 3.447610680000000039e-01 3.550111559999999944e-01 3.436819500000000138e-01 4.170051980000000214e-01 3.480649999999999578e-01 3.279465959999999791e-01 2.707810880000000031e-01 3.044530839999999849e-01 3.391381180000000439e-01 3.365130360000000431e-01 3.439033940000000289e-01 2.528326419999999963e-01
4.737464400000000464e-01 3.448455799999999849e-01 0.000000000000000000e+00 8.019933180000000661e-01 3.174920079999999922e-01 4.571079599999999243e-01 7.963608680000000550e-01 6.939994099999999833e-01 9.197636900000001337e-01 8.450451919999999451e-01 9.239439320000000233e-01 7.502806820000000876e-01 8.917765140000000201e-01 6.881693479999999585e-01 5.798954979999999537e-01 5.979740040000000034e-01 5.805663560000000611e-01 6.417946939999999989e-01 5.920504760000000477e-01 6.604070220000000102e-01 8.653815280000000110e-01 5.991981619999999786e-01
3.857187299999999541e-01 2.419273700000000304e-01 8.019933180000000661e-01 0.000000000000000000e+00 3.113363060000000071e-01 2.959708960000000388e-01 7.264743260000001701e-01 8.087768439999999392e-01 8.302109440000000617e-01 9.010483319999998963e-01 7.743936620000000381e-01 8.952241720000000402e-01 7.660423000000000648e-01 7.537472280000000469e-01 4.871248339999999510e-01 6.840624199999998378e-01 5.424168459999999525e-01 6.506962119999999405e-01 5.679476140000000450e-01 6.074850980000000567e-01 7.901014579999999787e-01 7.206318460000000758e-01
7.328244600000000109e-01 8.613571220000000306e-01 3.174920079999999922e-01 3.113363060000000071e-01 0.000000000000000000e+00 7.695658220000000105e-01 2.857451400000000086e-01 3.272101340000000413e-01 3.977824079999999762e-01 4.158688659999999482e-01 3.936295339999999476e-01 3.955301239999999829e-01 3.736725640000000404e-01 4.834354800000000840e-01 3.708778640000000015e-01 4.270100839999999565e-01 2.471124780000000243e-01 3.576567460000000254e-01 3.993392679999999695e-01 3.807453339999999908e-01 3.751887799999999440e-01 3.040355060000000109e-01
8.449864200000000158e-01 8.520282739999999189e-01 4.571079599999999243e-01 2.959708960000000388e-01 7.695658220000000105e-01 0.000000000000000000e+00 3.329574839999999702e-01 3.011035080000000197e-01 4.465170499999999154e-01 4.202208119999999991e-01 4.622053919999999927e-01 3.808810960000000856e-01 4.546032460000000164e-01 4.440341259999999179e-01 4.330646419999999996e-01 3.736958220000000108e-01 3.125185959999999818e-01 3.375146459999999737e-01 4.035009219999999286e-01 4.007713380000000325e-01 4.500054439999999767e-01 3.041615059999999704e-01
3.191337899999999728e-01 2.329015119999999772e-01 7.963608680000000550e-01 7.264743260000001701e-01 2.857451400000000086e-01 3.329574839999999702e-01 0.000000000000000000e+00 6.414973899999999452e-01 8.057486340000000746e-01 7.740870340000001182e-01 8.177837059999999436e-01 7.076012360000000223e-01 8.161318499999999920e-01 6.194302119999999245e-01 4.476876840000000857e-01 5.432899479999999670e-01 4.862539399999999401e-01 5.930468380000000206e-01 4.549808979999999670e-01 5.580945760000000089e-01 8.055462840000000568e-01 5.417842700000000677e-01
3.338152140000000268e-01 2.580120659999999844e-01 6.939994099999999833e-01 8.087768439999999392e-01 3.272101340000000413e-01 3.011035080000000197e-01 6.414973899999999452e-01 0.000000000000000000e+00 7.290570739999999716e-01 8.074680579999998775e-01 6.877410480000000215e-01 8.541321760000000207e-01 7.096448179999998995e-01 6.644436439999999999e-01 4.314823600000000647e-01 5.477595760000000258e-01 4.873044280000000117e-01 5.504443980000000014e-01 4.683035359999999647e-01 5.190186639999999629e-01 7.407049239999998758e-01 6.354206060000000544e-01
4.362800240000000440e-01 3.442437879999999395e-01 9.197636900000001337e-01 8.302109440000000617e-01 3.977824079999999762e-01 4.465170499999999154e-01 8.057486340000000746e-01 7.290570739999999716e-01 0.000000000000000000e+00 8.936305960000000548e-01 9.416748900000000422e-01 8.038948060000000728e-01 9.037545080000001230e-01 7.534173620000000904e-01 6.129458299999999138e-01 6.534693839999999865e-01 6.002306039999999454e-01 6.590881140000000027e-01 6.360926799999999659e-01 6.593046300000000581e-01 8.827167819999999221e-01 6.593125100000000183e-01
3.897496739999999349e-01 3.676539099999999727e-01 8.450451919999999451e-01 9.010483319999998963e-01 4.158688659999999482e-01 4.202208119999999991e-01 7.740870340000001182e-01 8.074680579999998775e-01 8.936305960000000548e-01 0.000000000000000000e+00 8.561268639999999319e-01 9.178577079999999944e-01 8.408449320000001004e-01 7.787779000000000229e-01 5.598268579999999828e-01 7.051426139999998899e-01 5.508060940000000238e-01 6.720162539999999796e-01 5.917987720000000840e-01 6.599354800000000187e-01 8.796103640000000334e-01 6.797462440000000550e-01
4.333944820000000253e-01 3.447610680000000039e-01 9.239439320000000233e-01 7.743936620000000381e-01 3.936295339999999476e-01 4.622053919999999927e-01 8.177837059999999436e-01 6.877410480000000215e-01 9.416748900000000422e-01 8.561268639999999319e-01 0.000000000000000000e+00 7.540926880000000665e-01 9.406804019999999156e-01 6.947160340000000378e-01 6.329573000000000560e-01 6.245762299999999545e-01 5.726829900000000029e-01 6.303753479999999465e-01 6.159508879999999742e-01 6.913837519999999071e-01 9.167875800000000464e-01 5.925908520000000568e-01
4.063106000000000217e-01 3.550111559999999944e-01 7.502806820000000876e-01 8.952241720000000402e-01 3.955301239999999829e-01 3.808810960000000856e-01 7.076012360000000223e-01 8.541321760000000207e-01 8.038948060000000728e-01 9.178577079999999944e-01 7.540926880000000665e-01 0.000000000000000000e+00 7.548035540000000987e-01 7.471553739999999832e-01 5.277012920000000440e-01 6.778869579999999839e-01 5.101276439999999912e-01 5.969885240000000204e-01 5.807169799999999382e-01 6.025886520000000024e-01 7.833741919999999137e-01 6.819422440000000307e-01
4.076352599999999993e-01 3.436819500000000138e-01 8.917765140000000201e-01 7.660423000000000648e-01 3.736725640000000404e-01 4.546032460000000164e-01 8.161318499999999920e-01 7.096448179999998995e-01 9.037545080000001230e-01 8.408449320000001004e-01 9.406804019999999156e-01 7.548035540000000987e-01 0.000000000000000000e+00 7.017880839999999232e-01 6.206165399999999943e-01 6.413613999999999704e-01 5.430478380000000049e-01 6.347599240000000309e-01 5.681675379999999720e-01 6.617673200000000477e-01 9.340256979999999043e-01 6.139667020000001418e-01
4.359425319999999937e-01 4.170051980000000214e-01 6.881693479999999585e-01 7.537472280000000469e-01 4.834354800000000840e-01 4.440341259999999179e-01 6.194302119999999245e-01 6.644436439999999999e-01 7.534173620000000904e-01 7.787779000000000229e-01 6.947160340000000378e-01 7.471553739999999832e-01 7.017880839999999232e-01 0.000000000000000000e+00 5.079389039999999689e-01 7.012087160000000097e-01 4.231240800000000135e-01 6.007497080000000489e-01 5.200004099999999685e-01 5.455064539999999740e-01 7.128380160000000743e-01 6.339386019999999622e-01
3.502295980000000308e-01 3.480649999999999578e-01 5.798954979999999537e-01 4.871248339999999510e-01 3.708778640000000015e-01 4.330646419999999996e-01 4.476876840000000857e-01 4.314823600000000647e-01 6.129458299999999138e-01 5.598268579999999828e-01 6.329573000000000560e-01 5.277012920000000440e-01 6.206165399999999943e-01 5.079389039999999689e-01 0.000000000000000000e+00 4.640856660000000078e-01 5.679518919999999582e-01 4.717956539999999532e-01 5.419350700000000742e-01 6.969986919999999753e-01 6.279947540000000439e-01 3.544640760000000168e-01
3.705404200000000370e-01 3.279465959999999791e-01 5.979740040000000034e-01 6.840624199999998378e-01 4.270100839999999565e-01 3.736958220000000108e-01 5.432899479999999670e-01 5.477595760000000258e-01 6.534693839999999865e-01 7.051426139999998899e-01 6.245762299999999545e-01 6.778869579999999839e-01 6.413613999999999704e-01 7.012087160000000097e-01 4.640856660000000078e-01 0.000000000000000000e+00 4.118021899999999569e-01 6.834746839999999990e-01 6.426353940000000264e-01 6.060813680000001202e-01 6.508809639999999508e-01 5.914379199999999503e-01
2.751734759999999724e-01 2.707810880000000031e-01 5.805663560000000611e-01 5.424168459999999525e-01 2.471124780000000243e-01 3.125185959999999818e-01 4.862539399999999401e-01 4.873044280000000117e-01 6.002306039999999454e-01 5.508060940000000238e-01 5.726829900000000029e-01 5.101276439999999912e-01 5.430478380000000049e-01 4.231240800000000135e-01 5.679518919999999582e-01 4.118021899999999569e-01 0.000000000000000000e+00 4.682700639999999304e-01 6.562732620000000239e-01 5.360392540000000761e-01 5.800882300000000935e-01 3.371163599999999483e-01
3.220179459999999994e-01 3.044530839999999849e-01 6.417946939999999989e-01 6.506962119999999405e-01 3.576567460000000254e-01 3.375146459999999737e-01 5.930468380000000206e-01 5.504443980000000014e-01 6.590881140000000027e-01 6.720162539999999796e-01 6.303753479999999465e-01 5.969885240000000204e-01 6.347599240000000309e-01 6.007497080000000489e-01 4.717956539999999532e-01 6.834746839999999990e-01 4.682700639999999304e-01 0.000000000000000000e+00 5.325000459999998936e-01 7.036417000000000366e-01 6.072443619999999820e-01 5.140430099999999669e-01
3.778062980000000404e-01 3.391381180000000439e-01 5.920504760000000477e-01 5.679476140000000450e-01 3.993392679999999695e-01 4.035009219999999286e-01 4.549808979999999670e-01 4.683035359999999647e-01 6.360926799999999659e-01 5.917987720000000840e-01 6.159508879999999742e-01 5.807169799999999382e-01 5.681675379999999720e-01 5.200004099999999685e-01 5.419350700000000742e-01 6.426353940000000264e-01 6.562732620000000239e-01 5.325000459999998936e-01 0.000000000000000000e+00 5.839545180000000890e-01 5.718294939999999382e-01 4.737747540000000201e-01
3.439993259999999387e-01 3.365130360000000431e-01 6.604070220000000102e-01 6.074850980000000567e-01 3.807453339999999908e-01 4.007713380000000325e-01 5.580945760000000089e-01 5.190186639999999629e-01 6.593046300000000581e-01 6.599354800000000187e-01 6.913837519999999071e-01 6.025886520000000024e-01 6.617673200000000477e-01 5.455064539999999740e-01 6.969986919999999753e-01 6.060813680000001202e-01 5.360392540000000761e-01 7.036417000000000366e-01 5.839545180000000890e-01 0.000000000000000000e+00 6.885914059999999060e-01 4.551102180000000108e-01
3.688879719999998974e-01 3.439033940000000289e-01 8.653815280000000110e-01 7.901014579999999787e-01 3.751887799999999440e-01 4.500054439999999767e-01 8.055462840000000568e-01 7.407049239999998758e-01 8.827167819999999221e-01 8.796103640000000334e-01 9.167875800000000464e-01 7.833741919999999137e-01 9.340256979999999043e-01 7.128380160000000743e-01 6.279947540000000439e-01 6.508809639999999508e-01 5.800882300000000935e-01 6.072443619999999820e-01 5.718294939999999382e-01 6.885914059999999060e-01 0.000000000000000000e+00 5.745716220000000041e-01
3.319366339999999527e-01 2.528326419999999963e-01 5.991981619999999786e-01 7.206318460000000758e-01 3.040355060000000109e-01 3.041615059999999704e-01 5.417842700000000677e-01 6.354206060000000544e-01 6.593125100000000183e-01 6.797462440000000550e-01 5.925908520000000568e-01 6.819422440000000307e-01 6.139667020000001418e-01 6.339386019999999622e-01 3.544640760000000168e-01 5.914379199999999503e-01 3.371163599999999483e-01 5.140430099999999669e-01 4.737747540000000201e-01 4.551102180000000108e-01 5.745716220000000041e-01 0.000000000000000000e+00
