0.000000000000000000e+00 2.634721079999999827e-01 8.400719599999999232e-02 4.620855040000000358e-01 2.098456759999999810e-01 6.896050999999999709e-01 5.612274000000000429e-02 9.403903200000000850e-02 9.339042599999999861e-02 7.719814999999999316e-02 8.529246799999998241e-02 7.704408600000001162e-02 9.737792999999998755e-02 1.159992860000000070e-01 7.497974399999998707e-02 7.540344999999999687e-02 6.187884999999999913e-02 5.197573799999999355e-02 6.067091799999999729e-02 4.770171599999999124e-02 1.358467939999999929e-01 8.955282800000000099e-02
2.634721079999999827e-01 0.000000000000000000e+00 1.354096600000000150e-01 1.947036179999999950e-01 6.624000199999999783e-01 1.124458959999999896e-01 7.241188199999999686e-02 9.296178600000000458e-02 6.252022200000001417e-02 6.426174199999998282e-02 8.873973400000000067e-02 8.860455199999998921e-02 1.035580120000000048e-01 6.536959400000000309e-02 7.179238599999999970e-02 9.706106000000000456e-02 7.214770800000000484e-02 7.891592999999999525e-02 7.083627600000000357e-02 7.096605600000001346e-02 7.888813599999999759e-02 6.442793399999999227e-02
8.400719599999999232e-02 1.354096600000000150e-01 0.000000000000000000e+00 1.319844400000000084e-01 1.874368399999999935e-01 9.467609200000000336e-02 1.216156379999999981e-01 1.874796539999999956e-01 9.738117999999999774e-02 1.114689080000000054e-01 5.108739800000000608e-01 1.159640119999999913e-01 4.167865539999999203e-01 9.441499999999999893e-02 1.199995940000000011e-01 1.186938220000000044e-01 2.285668220000000306e-01 2.217371260000000066e-01 2.369406700000000199e-01 2.272243320000000288e-01 3.891663180000000111e-01 2.160284579999999788e-01
4.620855040000000358e-01 1.947036179999999950e-01 1.319844400000000084e-01 0.000000000000000000e+00 1.834099899999999950e-01 3.709266379999999752e-01 1.286150859999999896e-01 2.404485759999999972e-01 1.808716939999999995e-01 1.475032199999999905e-01 1.653363979999999955e-01 4.026125020000000387e-01 1.143862600000000035e-01 2.622147520000000509e-01 6.866340600000001015e-02 1.060245600000000038e-01 1.225207960000000151e-01 1.685917180000000015e-01 1.438153780000000215e-01 1.660783939999999625e-01 1.723665400000000125e-01 3.306578939999999522e-01
2.098456759999999810e-01 6.624000199999999783e-01 1.874368399999999935e-01 1.834099899999999950e-01 0.000000000000000000e+00 1.876821059999999874e-01 6.125135999999999775e-02 5.126142799999999777e-02 7.806637399999999394e-02 6.077326800000000528e-02 9.089292000000000205e-02 8.898749599999999926e-02 1.083872960000000080e-01 7.584114399999999923e-02 8.480986199999999975e-02 8.524485600000000773e-02 6.295611199999999463e-02 6.067475199999999846e-02 6.396261400000000097e-02 5.265150999999999859e-02 6.684890599999999961e-02 9.201036800000000904e-02
6.896050999999999709e-01 1.124458959999999896e-01 9.467609200000000336e-02 3.709266379999999752e-01 1.876821059999999874e-01 0.000000000000000000e+00 6.581880800000000642e-02 9.871840400000000959e-02 1.314699899999999810e-01 6.442573399999999839e-02 1.275786000000000420e-01 1.107483860000000042e-01 1.079340179999999927e-01 9.516431999999999669e-02 6.403832400000000757e-02 7.897938200000000075e-02 8.293700400000000861e-02 5.803391000000000105e-02 8.055839599999999046e-02 5.477589800000000342e-02 1.075271420000000200e-01 9.607469600000000109e-02
5.612274000000000429e-02 7.241188199999999686e-02 1.216156379999999981e-01 1.286150859999999896e-01 6.125135999999999775e-02 6.581880800000000642e-02 0.000000000000000000e+00 6.587340440000000186e-01 1.672330959999999977e-01 1.643882759999999998e-01 9.662192599999999687e-02 1.686704319999999813e-01 9.528048399999999862e-02 1.435553440000000014e-01 2.884779540000000364e-01 3.101487299999999836e-01 5.976511380000000262e-01 6.338180860000000028e-01 6.603799740000000362e-01 6.211542239999999770e-01 1.702056919999999918e-01 2.174586119999999956e-01
9.403903200000000850e-02 9.296178600000000458e-02 1.874796539999999956e-01 2.404485759999999972e-01 5.126142799999999777e-02 9.871840400000000959e-02 6.587340440000000186e-01 0.000000000000000000e+00 1.677890459999999972e-01 1.720340140000000129e-01 1.170863339999999864e-01 2.388079859999999999e-01 1.134640640000000034e-01 1.248189339999999925e-01 1.381525880000000206e-01 5.385050359999999925e-01 6.590934259999999822e-01 6.903181619999999574e-01 7.311598379999999509e-01 6.882032399999998828e-01 1.971817399999999665e-01 2.756660000000000221e-01
9.339042599999999861e-02 6.252022200000001417e-02 9.738117999999999774e-02 1.808716939999999995e-01 7.806637399999999394e-02 1.314699899999999810e-01 1.672330959999999977e-01 1.677890459999999972e-01 0.000000000000000000e+00 5.739674800000001131e-02 1.109364100000000131e-01 1.731995759999999662e-01 2.524564839999999810e-01 1.070703660000000002e-01 9.493815400000001070e-02 5.829098600000000296e-02 1.140516379999999969e-01 1.464389080000000065e-01 1.185493900000000045e-01 1.443071119999999874e-01 9.277563600000000854e-02 1.615095079999999961e-01
7.719814999999999316e-02 6.426174199999998282e-02 1.114689080000000054e-01 1.475032199999999905e-01 6.077326800000000528e-02 6.442573399999999839e-02 1.643882759999999998e-01 1.720340140000000129e-01 5.739674800000001131e-02 0.000000000000000000e+00 1.125133860000000069e-01 1.554045639999999950e-01 1.182343179999999910e-01 4.803260019999999741e-01 6.589949399999998902e-02 1.258974559999999909e-01 9.662864799999999754e-02 1.432476420000000084e-01 1.065433920000000007e-01 1.446038860000000148e-01 1.088206640000000114e-01 1.098459859999999927e-01
8.529246799999998241e-02 8.873973400000000067e-02 5.108739800000000608e-01 1.653363979999999955e-01 9.089292000000000205e-02 1.275786000000000420e-01 9.662192599999999687e-02 1.170863339999999864e-01 1.109364100000000131e-01 1.125133860000000069e-01 0.000000000000000000e+00 1.420723380000000202e-01 5.569945920000000106e-01 1.313224920000000129e-01 1.078768179999999993e-01 8.491328800000000343e-02 1.248565799999999948e-01 1.355815880000000029e-01 1.377955740000000040e-01 1.196626660000000009e-01 4.290063700000000257e-01 2.517040080000000346e-01
7.704408600000001162e-02 8.860455199999998921e-02 1.159640119999999913e-01 4.026125020000000387e-01 8.898749599999999926e-02 1.107483860000000042e-01 1.686704319999999813e-01 2.388079859999999999e-01 1.731995759999999662e-01 1.554045639999999950e-01 1.420723380000000202e-01 0.000000000000000000e+00 9.429240999999999318e-02 2.211917799999999767e-01 6.966167399999999288e-02 8.171511400000000536e-02 2.203891739999999932e-01 1.855992219999999804e-01 2.373589200000000010e-01 1.776919200000000310e-01 1.217161419999999994e-01 3.720905640000000125e-01
9.737792999999998755e-02 1.035580120000000048e-01 4.167865539999999203e-01 1.143862600000000035e-01 1.083872960000000080e-01 1.079340179999999927e-01 9.528048399999999862e-02 1.134640640000000034e-01 2.524564839999999810e-01 1.182343179999999910e-01 5.569945920000000106e-01 9.429240999999999318e-02 0.000000000000000000e+00 1.028732080000000215e-01 1.352089340000000028e-01 5.748578600000000399e-02 1.265767080000000100e-01 1.011637559999999797e-01 1.431013240000000020e-01 8.208316400000000013e-02 4.303798099999999738e-01 1.916583579999999731e-01
1.159992860000000070e-01 6.536959400000000309e-02 9.441499999999999893e-02 2.622147520000000509e-01 7.584114399999999923e-02 9.516431999999999669e-02 1.435553440000000014e-01 1.248189339999999925e-01 1.070703660000000002e-01 4.803260019999999741e-01 1.313224920000000129e-01 2.211917799999999767e-01 1.028732080000000215e-01 0.000000000000000000e+00 6.194427000000000266e-02 1.262060600000000088e-01 1.479522359999999870e-01 1.472967960000000076e-01 1.640985519999999809e-01 1.228678900000000213e-01 4.312404800000000510e-02 1.877717440000000182e-01
7.497974399999998707e-02 7.179238599999999970e-02 1.199995940000000011e-01 6.866340600000001015e-02 8.480986199999999975e-02 6.403832400000000757e-02 2.884779540000000364e-01 1.381525880000000206e-01 9.493815400000001070e-02 6.589949399999998902e-02 1.078768179999999993e-01 6.966167399999999288e-02 1.352089340000000028e-01 6.194427000000000266e-02 0.000000000000000000e+00 2.681564040000000149e-01 1.396070840000000202e-01 3.076915780000000211e-01 5.930639799999999628e-02 1.714376099999999903e-01 1.113102059999999949e-01 1.563646659999999855e-01
7.540344999999999687e-02 9.706106000000000456e-02 1.186938220000000044e-01 1.060245600000000038e-01 8.524485600000000773e-02 7.897938200000000075e-02 3.101487299999999836e-01 5.385050359999999925e-01 5.829098600000000296e-02 1.258974559999999909e-01 8.491328800000000343e-02 8.171511400000000536e-02 5.748578600000000399e-02 1.262060600000000088e-01 2.681564040000000149e-01 0.000000000000000000e+00 2.843036560000000157e-01 5.037839679999999154e-01 3.634856879999999735e-01 4.296819819999999623e-01 8.279685800000000095e-02 1.368536419999999976e-01
6.187884999999999913e-02 7.214770800000000484e-02 2.285668220000000306e-01 1.225207960000000151e-01 6.295611199999999463e-02 8.293700400000000861e-02 5.976511380000000262e-01 6.590934259999999822e-01 1.140516379999999969e-01 9.662864799999999754e-02 1.248565799999999948e-01 2.203891739999999932e-01 1.265767080000000100e-01 1.479522359999999870e-01 1.396070840000000202e-01 2.843036560000000157e-01 0.000000000000000000e+00 5.204176580000000607e-01 9.572635860000000552e-01 5.649375260000000232e-01 2.317574079999999981e-01 2.440527959999999885e-01
5.197573799999999355e-02 7.891592999999999525e-02 2.217371260000000066e-01 1.685917180000000015e-01 6.067475199999999846e-02 5.803391000000000105e-02 6.338180860000000028e-01 6.903181619999999574e-01 1.464389080000000065e-01 1.432476420000000084e-01 1.355815880000000029e-01 1.855992219999999804e-01 1.011637559999999797e-01 1.472967960000000076e-01 3.076915780000000211e-01 5.037839679999999154e-01 5.204176580000000607e-01 0.000000000000000000e+00 6.014313740000000186e-01 8.925497559999999719e-01 1.811889839999999974e-01 2.432583779999999973e-01
6.067091799999999729e-02 7.083627600000000357e-02 2.369406700000000199e-01 1.438153780000000215e-01 6.396261400000000097e-02 8.055839599999999046e-02 6.603799740000000362e-01 7.311598379999999509e-01 1.185493900000000045e-01 1.065433920000000007e-01 1.377955740000000040e-01 2.373589200000000010e-01 1.431013240000000020e-01 1.640985519999999809e-01 5.930639799999999628e-02 3.634856879999999735e-01 9.572635860000000552e-01 6.014313740000000186e-01 0.000000000000000000e+00 6.154576479999999128e-01 2.331036200000000114e-01 2.741809880000000144e-01
4.770171599999999124e-02 7.096605600000001346e-02 2.272243320000000288e-01 1.660783939999999625e-01 5.265150999999999859e-02 5.477589800000000342e-02 6.211542239999999770e-01 6.882032399999998828e-01 1.443071119999999874e-01 1.446038860000000148e-01 1.196626660000000009e-01 1.776919200000000310e-01 8.208316400000000013e-02 1.228678900000000213e-01 1.714376099999999903e-01 4.296819819999999623e-01 5.649375260000000232e-01 8.925497559999999719e-01 6.154576479999999128e-01 0.000000000000000000e+00 2.050939679999999876e-01 2.065959239999999864e-01
1.358467939999999929e-01 7.888813599999999759e-02 3.891663180000000111e-01 1.723665400000000125e-01 6.684890599999999961e-02 1.075271420000000200e-01 1.702056919999999918e-01 1.971817399999999665e-01 9.277563600000000854e-02 1.088206640000000114e-01 4.290063700000000257e-01 1.217161419999999994e-01 4.303798099999999738e-01 4.312404800000000510e-02 1.113102059999999949e-01 8.279685800000000095e-02 2.317574079999999981e-01 1.811889839999999974e-01 2.331036200000000114e-01 2.050939679999999876e-01 0.000000000000000000e+00 3.159646200000000293e-01
8.955282800000000099e-02 6.442793399999999227e-02 2.160284579999999788e-01 3.306578939999999522e-01 9.201036800000000904e-02 9.607469600000000109e-02 2.174586119999999956e-01 2.756660000000000221e-01 1.615095079999999961e-01 1.098459859999999927e-01 2.517040080000000346e-01 3.720905640000000125e-01 1.916583579999999731e-01 1.877717440000000182e-01 1.563646659999999855e-01 1.368536419999999976e-01 2.440527959999999885e-01 2.432583779999999973e-01 2.741809880000000144e-01 2.065959239999999864e-01 3.159646200000000293e-01 0.000000000000000000e+00
