0.000000000000000000e+00 3.045550980000000241e-01 3.241593960000000441e-01 3.466939119999999930e-01 2.209318600000000077e-01 7.775283479999999248e-01 2.609662439999999584e-01 3.092342439999999915e-01 3.152673679999999923e-01 3.271645659999999900e-01 2.950875739999999636e-01 2.299343939999999864e-01 3.540265379999999462e-01 1.718156220000000012e-01 2.776935779999999965e-01 2.097279959999999721e-01 2.580169419999999714e-01 2.133511039999999581e-01 1.819060439999999890e-01 2.472534660000000051e-01 3.335751619999999806e-01 2.678730259999999586e-01
3.045550980000000241e-01 0.000000000000000000e+00 2.355915160000000008e-01 2.520699220000000018e-01 5.898612380000000099e-01 2.748191700000000015e-01 2.801087400000000227e-01 2.558025800000000016e-01 2.805187679999999739e-01 2.225741740000000135e-01 3.031897780000000209e-01 1.719534580000000035e-01 2.563579820000000398e-01 2.568838539999999671e-01 1.944876320000000214e-01 2.164480259999999878e-01 2.784875359999999800e-01 3.184022880000000333e-01 2.519215680000000401e-01 2.188405319999999765e-01 2.220447580000000087e-01 2.143957520000000228e-01
3.241593960000000441e-01 2.355915160000000008e-01 0.000000000000000000e+00 2.227411579999999947e-01 2.299212919999999993e-01 3.187316800000000172e-01 4.485115519999999245e-01 3.174130860000000109e-01 3.192820040000000081e-01 5.855962860000000214e-01 7.734097359999999588e-01 2.735824779999999623e-01 7.559376219999999202e-01 2.308677699999999999e-01 4.451041919999999541e-01 2.863661439999999891e-01 4.012059000000000042e-01 3.847212859999999957e-01 3.973428179999999865e-01 4.009701820000000083e-01 7.849450660000000246e-01 5.084252519999999942e-01
3.466939119999999930e-01 2.520699220000000018e-01 2.227411579999999947e-01 0.000000000000000000e+00 2.606715980000000044e-01 3.334619380000000133e-01 3.129033319999999785e-01 5.847693299999999761e-01 5.954326500000000078e-01 2.339410880000000470e-01 2.303829239999999889e-01 6.420173659999999227e-01 2.643448880000000001e-01 5.754733659999999862e-01 2.837101960000000256e-01 2.921024979999999327e-01 2.712817719999999766e-01 3.813801299999999839e-01 2.702150440000000153e-01 2.860482060000000271e-01 2.571302659999999962e-01 4.344673420000000341e-01
2.209318600000000077e-01 5.898612380000000099e-01 2.299212919999999993e-01 2.606715980000000044e-01 0.000000000000000000e+00 3.248934199999999883e-01 2.428831340000000005e-01 2.748873320000000398e-01 2.040266400000000091e-01 2.232976180000000033e-01 2.172475880000000470e-01 1.999818219999999758e-01 2.256158319999999884e-01 3.449391179999999890e-01 2.429994859999999868e-01 2.606985019999999986e-01 1.920928580000000052e-01 2.625917839999999948e-01 2.142494080000000023e-01 2.668177619999999584e-01 1.994734959999999724e-01 2.353185739999999748e-01
7.775283479999999248e-01 2.748191700000000015e-01 3.187316800000000172e-01 3.334619380000000133e-01 3.248934199999999883e-01 0.000000000000000000e+00 1.849513819999999975e-01 3.796071899999999832e-01 2.981094319999999520e-01 3.610825680000000482e-01 3.379514719999999750e-01 2.620773240000000004e-01 3.325681600000000016e-01 2.747502980000000039e-01 2.535247740000000083e-01 2.477188800000000302e-01 3.006227539999999920e-01 2.099971360000000009e-01 2.424772359999999849e-01 2.302794399999999742e-01 3.177090759999999792e-01 2.604319079999999897e-01
2.609662439999999584e-01 2.801087400000000227e-01 4.485115519999999245e-01 3.129033319999999785e-01 2.428831340000000005e-01 1.849513819999999975e-01 0.000000000000000000e+00 2.496548520000000104e-01 3.103249000000000146e-01 3.911799980000000287e-01 4.383042240000000200e-01 2.452075159999999587e-01 4.669636959999999282e-01 2.968967279999999986e-01 3.843263639999999759e-01 2.949086840000000320e-01 1.858140840000000182e-01 4.477914119999999443e-01 2.339759120000000081e-01 3.835467880000000274e-01 4.227413799999999999e-01 3.216181000000000179e-01
3.092342439999999915e-01 2.558025800000000016e-01 3.174130860000000109e-01 5.847693299999999761e-01 2.748873320000000398e-01 3.796071899999999832e-01 2.496548520000000104e-01 0.000000000000000000e+00 4.280002399999999763e-01 3.723657180000000122e-01 2.983503900000000209e-01 5.791582480000000421e-01 2.822958619999999530e-01 4.412482800000000482e-01 3.262830580000000147e-01 2.681745240000000252e-01 3.882091480000000039e-01 2.365102660000000245e-01 3.076061039999999913e-01 2.564802979999999399e-01 3.522732940000000146e-01 5.210152479999999864e-01
3.152673679999999923e-01 2.805187679999999739e-01 3.192820040000000081e-01 5.954326500000000078e-01 2.040266400000000091e-01 2.981094319999999520e-01 3.103249000000000146e-01 4.280002399999999763e-01 0.000000000000000000e+00 3.491342879999999593e-01 3.439188280000000097e-01 4.992219439999999731e-01 3.340226720000000205e-01 3.891213359999999843e-01 3.479506119999999925e-01 2.612576440000000111e-01 3.875419440000000271e-01 2.987046439999999636e-01 3.435726159999999973e-01 2.688234379999999701e-01 2.661348799999999626e-01 3.305270079999999555e-01
3.271645659999999900e-01 2.225741740000000135e-01 5.855962860000000214e-01 2.339410880000000470e-01 2.232976180000000033e-01 3.610825680000000482e-01 3.911799980000000287e-01 3.723657180000000122e-01 3.491342879999999593e-01 0.000000000000000000e+00 6.115185060000001283e-01 3.366127660000000077e-01 6.334038280000000576e-01 3.486325560000000379e-01 4.935398839999999288e-01 2.818532460000000017e-01 3.425707860000000160e-01 3.870822379999999674e-01 3.260589219999999733e-01 4.421041119999999935e-01 6.545566940000000500e-01 3.637707140000000505e-01
2.950875739999999636e-01 3.031897780000000209e-01 7.734097359999999588e-01 2.303829239999999889e-01 2.172475880000000470e-01 3.379514719999999750e-01 4.383042240000000200e-01 2.983503900000000209e-01 3.439188280000000097e-01 6.115185060000001283e-01 0.000000000000000000e+00 2.209381099999999931e-01 8.428994379999998898e-01 2.077288320000000021e-01 5.129507620000000045e-01 3.283392479999999725e-01 4.681299780000000021e-01 3.808548379999999733e-01 4.407413439999999794e-01 4.358944160000000068e-01 8.315722119999999773e-01 5.595067820000000358e-01
2.299343939999999864e-01 1.719534580000000035e-01 2.735824779999999623e-01 6.420173659999999227e-01 1.999818219999999758e-01 2.620773240000000004e-01 2.452075159999999587e-01 5.791582480000000421e-01 4.992219439999999731e-01 3.366127660000000077e-01 2.209381099999999931e-01 0.000000000000000000e+00 2.360779219999999401e-01 4.484482399999999980e-01 2.566041419999999795e-01 3.845642900000000308e-01 3.498343899999999951e-01 3.131454780000000326e-01 3.194647560000000164e-01 2.533087259999999841e-01 2.494173960000000412e-01 5.025800460000000580e-01
3.540265379999999462e-01 2.563579820000000398e-01 7.559376219999999202e-01 2.643448880000000001e-01 2.256158319999999884e-01 3.325681600000000016e-01 4.669636959999999282e-01 2.822958619999999530e-01 3.340226720000000205e-01 6.334038280000000576e-01 8.428994379999998898e-01 2.360779219999999401e-01 0.000000000000000000e+00 2.262943480000000063e-01 4.925454439999999989e-01 2.288526619999999845e-01 3.995831799999999823e-01 3.887551719999999822e-01 3.476668139999999907e-01 4.336534200000000117e-01 8.392399579999999526e-01 5.333143879999999726e-01
1.718156220000000012e-01 2.568838539999999671e-01 2.308677699999999999e-01 5.754733659999999862e-01 3.449391179999999890e-01 2.747502980000000039e-01 2.968967279999999986e-01 4.412482800000000482e-01 3.891213359999999843e-01 3.486325560000000379e-01 2.077288320000000021e-01 4.484482399999999980e-01 2.262943480000000063e-01 0.000000000000000000e+00 2.811707460000000269e-01 3.223117379999999588e-01 2.529212960000000177e-01 4.236492119999999417e-01 2.022147120000000187e-01 3.489372819999999598e-01 2.495472759999999846e-01 3.591560900000000389e-01
2.776935779999999965e-01 1.944876320000000214e-01 4.451041919999999541e-01 2.837101960000000256e-01 2.429994859999999868e-01 2.535247740000000083e-01 3.843263639999999759e-01 3.262830580000000147e-01 3.479506119999999925e-01 4.935398839999999288e-01 5.129507620000000045e-01 2.566041419999999795e-01 4.925454439999999989e-01 2.811707460000000269e-01 0.000000000000000000e+00 2.752199300000000015e-01 5.801172500000000287e-01 3.721228659999999966e-01 4.206208540000000440e-01 6.217715360000000135e-01 5.076415140000000159e-01 3.801934599999999831e-01
2.097279959999999721e-01 2.164480259999999878e-01 2.863661439999999891e-01 2.921024979999999327e-01 2.606985019999999986e-01 2.477188800000000302e-01 2.949086840000000320e-01 2.681745240000000252e-01 2.612576440000000111e-01 2.818532460000000017e-01 3.283392479999999725e-01 3.845642900000000308e-01 2.288526619999999845e-01 3.223117379999999588e-01 2.752199300000000015e-01 0.000000000000000000e+00 3.458634740000000041e-01 4.326838539999999789e-01 5.516914679999999072e-01 3.094881999999999911e-01 2.858368399999999809e-01 2.927738860000000387e-01
2.580169419999999714e-01 2.784875359999999800e-01 4.012059000000000042e-01 2.712817719999999766e-01 1.920928580000000052e-01 3.006227539999999920e-01 1.858140840000000182e-01 3.882091480000000039e-01 3.875419440000000271e-01 3.425707860000000160e-01 4.681299780000000021e-01 3.498343899999999951e-01 3.995831799999999823e-01 2.529212960000000177e-01 5.801172500000000287e-01 3.458634740000000041e-01 0.000000000000000000e+00 2.773204859999999772e-01 7.773224400000000589e-01 3.765915579999999929e-01 4.198172219999999899e-01 3.087207740000000311e-01
2.133511039999999581e-01 3.184022880000000333e-01 3.847212859999999957e-01 3.813801299999999839e-01 2.625917839999999948e-01 2.099971360000000009e-01 4.477914119999999443e-01 2.365102660000000245e-01 2.987046439999999636e-01 3.870822379999999674e-01 3.808548379999999733e-01 3.131454780000000326e-01 3.887551719999999822e-01 4.236492119999999417e-01 3.721228659999999966e-01 4.326838539999999789e-01 2.773204859999999772e-01 0.000000000000000000e+00 2.986771320000000118e-01 7.107520339999999770e-01 3.202352239999999850e-01 3.061276780000000142e-01
1.819060439999999890e-01 2.519215680000000401e-01 3.973428179999999865e-01 2.702150440000000153e-01 2.142494080000000023e-01 2.424772359999999849e-01 2.339759120000000081e-01 3.076061039999999913e-01 3.435726159999999973e-01 3.260589219999999733e-01 4.407413439999999794e-01 3.194647560000000164e-01 3.476668139999999907e-01 2.022147120000000187e-01 4.206208540000000440e-01 5.516914679999999072e-01 7.773224400000000589e-01 2.986771320000000118e-01 0.000000000000000000e+00 2.906386719999999868e-01 3.893785600000000402e-01 2.841298959999999929e-01
2.472534660000000051e-01 2.188405319999999765e-01 4.009701820000000083e-01 2.860482060000000271e-01 2.668177619999999584e-01 2.302794399999999742e-01 3.835467880000000274e-01 2.564802979999999399e-01 2.688234379999999701e-01 4.421041119999999935e-01 4.358944160000000068e-01 2.533087259999999841e-01 4.336534200000000117e-01 3.489372819999999598e-01 6.217715360000000135e-01 3.094881999999999911e-01 3.765915579999999929e-01 7.107520339999999770e-01 2.906386719999999868e-01 0.000000000000000000e+00 3.737508279999999794e-01 3.247493439999999953e-01
3.335751619999999806e-01 2.220447580000000087e-01 7.849450660000000246e-01 2.571302659999999962e-01 1.994734959999999724e-01 3.177090759999999792e-01 4.227413799999999999e-01 3.522732940000000146e-01 2.661348799999999626e-01 6.545566940000000500e-01 8.315722119999999773e-01 2.494173960000000412e-01 8.392399579999999526e-01 2.495472759999999846e-01 5.076415140000000159e-01 2.858368399999999809e-01 4.198172219999999899e-01 3.202352239999999850e-01 3.893785600000000402e-01 3.737508279999999794e-01 0.000000000000000000e+00 4.826086720000000163e-01
2.678730259999999586e-01 2.143957520000000228e-01 5.084252519999999942e-01 4.344673420000000341e-01 2.353185739999999748e-01 2.604319079999999897e-01 3.216181000000000179e-01 5.210152479999999864e-01 3.305270079999999555e-01 3.637707140000000505e-01 5.595067820000000358e-01 5.025800460000000580e-01 5.333143879999999726e-01 3.591560900000000389e-01 3.801934599999999831e-01 2.927738860000000387e-01 3.087207740000000311e-01 3.061276780000000142e-01 2.841298959999999929e-01 3.247493439999999953e-01 4.826086720000000163e-01 0.000000000000000000e+00
