0.000000000000000000e+00 9.742567959999999250e-01 4.277310799999999302e-01 6.657840320000000256e-01 9.650726600000000266e-01 9.502861660000000432e-01 7.288240799999999575e-02 7.538752199999999848e-02 2.374278719999999565e-01 2.427889959999999792e-01 2.453147720000000143e-01 1.787867599999999890e-01 2.639557660000000361e-01 1.059913099999999914e-01 8.115023000000000375e-02 6.675373199999999618e-02 7.786060000000000203e-02 6.831439400000001438e-02 8.046802399999999911e-02 7.039022600000000018e-02 2.303196420000000466e-01 3.098811940000000265e-01
9.742567959999999250e-01 0.000000000000000000e+00 4.239170700000000624e-01 6.467847919999999418e-01 9.714764700000000364e-01 9.805876780000000181e-01 9.735618399999999839e-02 9.207946200000001469e-02 2.006736379999999875e-01 2.435161820000000255e-01 2.088115739999999998e-01 1.804382200000000380e-01 2.948039219999999405e-01 1.036545859999999930e-01 9.917257799999999734e-02 7.942673799999999673e-02 8.811061000000000587e-02 8.100890399999999270e-02 9.205196000000000212e-02 8.099998600000000992e-02 2.553982260000000060e-01 3.101657939999999947e-01
4.277310799999999302e-01 4.239170700000000624e-01 0.000000000000000000e+00 5.943104380000000520e-01 4.269918199999999109e-01 4.164352939999999559e-01 6.162899219999999900e-01 6.071713859999999796e-01 4.655325999999999631e-01 1.922693500000000055e-01 5.225456920000000061e-01 2.768709119999999690e-01 3.546884999999999621e-01 3.372064479999999920e-01 6.151990320000000345e-01 6.160121679999999156e-01 6.230535299999999665e-01 6.071421679999999821e-01 6.231249819999999939e-01 6.106455160000000548e-01 3.864891280000000151e-01 1.779844859999999973e-01
6.657840320000000256e-01 6.467847919999999418e-01 5.943104380000000520e-01 0.000000000000000000e+00 6.173514000000001056e-01 6.567768040000000473e-01 3.510915680000000205e-01 3.461989259999999624e-01 2.240162980000000026e-01 1.610297939999999761e-01 1.862319919999999851e-01 1.878289839999999766e-01 2.961324699999999810e-01 2.952505220000000152e-01 3.451223520000000211e-01 3.385450920000000474e-01 3.452792920000000154e-01 3.341464379999999901e-01 3.427260520000000033e-01 3.339988059999999814e-01 3.618640940000000250e-01 3.798991959999999390e-01
9.650726600000000266e-01 9.714764700000000364e-01 4.269918199999999109e-01 6.173514000000001056e-01 0.000000000000000000e+00 9.397611500000000451e-01 9.897609200000000163e-02 1.018352099999999955e-01 1.966173519999999952e-01 2.133166919999999744e-01 1.990051800000000037e-01 1.583975660000000174e-01 2.739068680000000255e-01 1.183103559999999915e-01 1.061896520000000094e-01 7.642589600000000705e-02 8.852805399999999492e-02 8.084908999999999846e-02 9.221691599999999600e-02 8.003596600000000005e-02 2.465881560000000028e-01 3.051781239999999951e-01
9.502861660000000432e-01 9.805876780000000181e-01 4.164352939999999559e-01 6.567768040000000473e-01 9.397611500000000451e-01 0.000000000000000000e+00 1.217558620000000202e-01 1.133306679999999955e-01 1.968240080000000225e-01 2.468445980000000262e-01 1.988339439999999847e-01 1.823767879999999841e-01 3.101516940000000333e-01 9.581657999999999842e-02 1.198346380000000211e-01 9.308939200000000691e-02 1.087730319999999917e-01 9.149511199999998956e-02 1.122891519999999754e-01 9.511638399999999827e-02 2.630306340000000409e-01 2.976214180000000264e-01
7.288240799999999575e-02 9.735618399999999839e-02 6.162899219999999900e-01 3.510915680000000205e-01 9.897609200000000163e-02 1.217558620000000202e-01 0.000000000000000000e+00 9.587515599999999472e-01 4.953081500000000581e-01 2.477023839999999699e-01 4.763073740000000056e-01 3.776249079999999814e-01 5.575661180000001105e-01 4.443608719999999623e-01 9.872531440000000824e-01 9.541598300000000421e-01 9.854460859999999434e-01 9.498507799999998946e-01 9.839745259999999050e-01 9.602451020000000170e-01 5.604488300000000089e-01 2.274735299999999794e-01
7.538752199999999848e-02 9.207946200000001469e-02 6.071713859999999796e-01 3.461989259999999624e-01 1.018352099999999955e-01 1.133306679999999955e-01 9.587515599999999472e-01 0.000000000000000000e+00 5.038027240000000351e-01 1.951366720000000110e-01 4.828173419999999827e-01 3.387118040000000052e-01 5.883949760000000140e-01 4.185067679999999735e-01 9.663147960000000314e-01 9.761284500000000364e-01 9.662848299999999835e-01 9.718430360000001045e-01 9.734302859999999225e-01 9.778231280000000414e-01 5.797244999999999759e-01 2.468095640000000091e-01
2.374278719999999565e-01 2.006736379999999875e-01 4.655325999999999631e-01 2.240162980000000026e-01 1.966173519999999952e-01 1.968240080000000225e-01 4.953081500000000581e-01 5.038027240000000351e-01 0.000000000000000000e+00 4.176470180000000920e-01 8.264778500000000694e-01 3.854549259999999755e-01 1.485601780000000149e-01 2.992641000000000329e-01 5.036066179999999504e-01 5.573048039999999315e-01 5.152624820000000216e-01 5.525898479999999946e-01 5.221922680000000705e-01 5.480446960000000534e-01 1.855538080000000145e-01 2.819847700000000512e-01
2.427889959999999792e-01 2.435161820000000255e-01 1.922693500000000055e-01 1.610297939999999761e-01 2.133166919999999744e-01 2.468445980000000262e-01 2.477023839999999699e-01 1.951366720000000110e-01 4.176470180000000920e-01 0.000000000000000000e+00 3.499374020000000085e-01 8.265888300000000521e-01 2.629959880000000139e-01 6.741479079999999069e-01 2.280943059999999689e-01 2.338890640000000354e-01 2.344559019999999661e-01 2.417443439999999999e-01 2.301299139999999910e-01 2.341208480000000203e-01 2.924517979999999850e-01 3.383987479999999715e-01
2.453147720000000143e-01 2.088115739999999998e-01 5.225456920000000061e-01 1.862319919999999851e-01 1.990051800000000037e-01 1.988339439999999847e-01 4.763073740000000056e-01 4.828173419999999827e-01 8.264778500000000694e-01 3.499374020000000085e-01 0.000000000000000000e+00 3.339098640000000007e-01 1.820022620000000257e-01 2.911840039999999963e-01 4.918159180000000186e-01 5.326017060000000081e-01 5.022756319999999164e-01 5.334532659999998705e-01 5.064544400000000612e-01 5.317761840000000406e-01 2.431525139999999863e-01 3.597273020000000265e-01
1.787867599999999890e-01 1.804382200000000380e-01 2.768709119999999690e-01 1.878289839999999766e-01 1.583975660000000174e-01 1.823767879999999841e-01 3.776249079999999814e-01 3.387118040000000052e-01 3.854549259999999755e-01 8.265888300000000521e-01 3.339098640000000007e-01 0.000000000000000000e+00 3.600762100000000077e-01 8.876082119999999520e-01 3.510351320000000275e-01 3.311121099999999595e-01 3.543165640000000005e-01 3.293507919999999478e-01 3.488199500000000453e-01 3.294939659999999715e-01 4.663146200000000130e-01 3.078681320000000166e-01
2.639557660000000361e-01 2.948039219999999405e-01 3.546884999999999621e-01 2.961324699999999810e-01 2.739068680000000255e-01 3.101516940000000333e-01 5.575661180000001105e-01 5.883949760000000140e-01 1.485601780000000149e-01 2.629959880000000139e-01 1.820022620000000257e-01 3.600762100000000077e-01 0.000000000000000000e+00 3.828802019999999473e-01 5.605836659999999805e-01 5.232562520000000328e-01 5.559712720000000719e-01 5.292008999999999741e-01 5.554105679999998824e-01 5.391497020000000084e-01 8.137974160000001067e-01 6.585274640000000623e-01
1.059913099999999914e-01 1.036545859999999930e-01 3.372064479999999920e-01 2.952505220000000152e-01 1.183103559999999915e-01 9.581657999999999842e-02 4.443608719999999623e-01 4.185067679999999735e-01 2.992641000000000329e-01 6.741479079999999069e-01 2.911840039999999963e-01 8.876082119999999520e-01 3.828802019999999473e-01 0.000000000000000000e+00 4.255031679999999872e-01 4.049859080000000056e-01 4.247328999999999688e-01 4.074320059999999577e-01 4.211975840000000137e-01 4.092455420000000177e-01 5.259961900000000856e-01 2.636375539999999962e-01
8.115023000000000375e-02 9.917257799999999734e-02 6.151990320000000345e-01 3.451223520000000211e-01 1.061896520000000094e-01 1.198346380000000211e-01 9.872531440000000824e-01 9.663147960000000314e-01 5.036066179999999504e-01 2.280943059999999689e-01 4.918159180000000186e-01 3.510351320000000275e-01 5.605836659999999805e-01 4.255031679999999872e-01 0.000000000000000000e+00 9.713006639999999248e-01 9.896065399999999235e-01 9.679255680000000694e-01 9.930046759999999750e-01 9.770323879999999184e-01 5.560791820000000607e-01 2.253406700000000207e-01
6.675373199999999618e-02 7.942673799999999673e-02 6.160121679999999156e-01 3.385450920000000474e-01 7.642589600000000705e-02 9.308939200000000691e-02 9.541598300000000421e-01 9.761284500000000364e-01 5.573048039999999315e-01 2.338890640000000354e-01 5.326017060000000081e-01 3.311121099999999595e-01 5.232562520000000328e-01 4.049859080000000056e-01 9.713006639999999248e-01 0.000000000000000000e+00 9.705722340000001447e-01 9.969799839999999858e-01 9.800241859999999638e-01 9.971718480000000273e-01 5.309481240000000213e-01 1.807394520000000226e-01
7.786060000000000203e-02 8.811061000000000587e-02 6.230535299999999665e-01 3.452792920000000154e-01 8.852805399999999492e-02 1.087730319999999917e-01 9.854460859999999434e-01 9.662848299999999835e-01 5.152624820000000216e-01 2.344559019999999661e-01 5.022756319999999164e-01 3.543165640000000005e-01 5.559712720000000719e-01 4.247328999999999688e-01 9.896065399999999235e-01 9.705722340000001447e-01 0.000000000000000000e+00 9.667280359999999018e-01 9.969793939999999077e-01 9.754582600000001325e-01 5.600136639999999666e-01 2.157260379999999811e-01
6.831439400000001438e-02 8.100890399999999270e-02 6.071421679999999821e-01 3.341464379999999901e-01 8.084908999999999846e-02 9.149511199999998956e-02 9.498507799999998946e-01 9.718430360000001045e-01 5.525898479999999946e-01 2.417443439999999999e-01 5.334532659999998705e-01 3.293507919999999478e-01 5.292008999999999741e-01 4.074320059999999577e-01 9.679255680000000694e-01 9.969799839999999858e-01 9.667280359999999018e-01 0.000000000000000000e+00 9.761251879999999215e-01 9.973991260000000247e-01 5.369546080000000554e-01 1.932115699999999991e-01
8.046802399999999911e-02 9.205196000000000212e-02 6.231249819999999939e-01 3.427260520000000033e-01 9.221691599999999600e-02 1.122891519999999754e-01 9.839745259999999050e-01 9.734302859999999225e-01 5.221922680000000705e-01 2.301299139999999910e-01 5.064544400000000612e-01 3.488199500000000453e-01 5.554105679999998824e-01 4.211975840000000137e-01 9.930046759999999750e-01 9.800241859999999638e-01 9.969793939999999077e-01 9.761251879999999215e-01 0.000000000000000000e+00 9.840547360000000410e-01 5.557068000000000563e-01 2.104798400000000014e-01
7.039022600000000018e-02 8.099998600000000992e-02 6.106455160000000548e-01 3.339988059999999814e-01 8.003596600000000005e-02 9.511638399999999827e-02 9.602451020000000170e-01 9.778231280000000414e-01 5.480446960000000534e-01 2.341208480000000203e-01 5.317761840000000406e-01 3.294939659999999715e-01 5.391497020000000084e-01 4.092455420000000177e-01 9.770323879999999184e-01 9.971718480000000273e-01 9.754582600000001325e-01 9.973991260000000247e-01 9.840547360000000410e-01 0.000000000000000000e+00 5.429545539999999226e-01 1.972054900000000388e-01
2.303196420000000466e-01 2.553982260000000060e-01 3.864891280000000151e-01 3.618640940000000250e-01 2.465881560000000028e-01 2.630306340000000409e-01 5.604488300000000089e-01 5.797244999999999759e-01 1.855538080000000145e-01 2.924517979999999850e-01 2.431525139999999863e-01 4.663146200000000130e-01 8.137974160000001067e-01 5.259961900000000856e-01 5.560791820000000607e-01 5.309481240000000213e-01 5.600136639999999666e-01 5.369546080000000554e-01 5.557068000000000563e-01 5.429545539999999226e-01 0.000000000000000000e+00 7.293597480000000299e-01
3.098811940000000265e-01 3.101657939999999947e-01 1.779844859999999973e-01 3.798991959999999390e-01 3.051781239999999951e-01 2.976214180000000264e-01 2.274735299999999794e-01 2.468095640000000091e-01 2.819847700000000512e-01 3.383987479999999715e-01 3.597273020000000265e-01 3.078681320000000166e-01 6.585274640000000623e-01 2.636375539999999962e-01 2.253406700000000207e-01 1.807394520000000226e-01 2.157260379999999811e-01 1.932115699999999991e-01 2.104798400000000014e-01 1.972054900000000388e-01 7.293597480000000299e-01 0.000000000000000000e+00
