0.000000000000000000e+00 9.651773620000000387e-01 4.784337919999999689e-01 6.594140139999999928e-01 9.417818139999999394e-01 9.511105879999999235e-01 1.015027619999999964e-01 1.129903599999999980e-01 2.075639439999999725e-01 2.753955099999999545e-01 1.944184779999999502e-01 1.743449280000000101e-01 2.320431759999999899e-01 1.198931940000000085e-01 9.052805199999999775e-02 1.037869220000000176e-01 8.923823599999999856e-02 1.026806539999999962e-01 9.017803399999999026e-02 1.006533099999999958e-01 2.401315420000000034e-01 2.529527639999999966e-01
9.651773620000000387e-01 0.000000000000000000e+00 4.646395400000000175e-01 6.128748360000000339e-01 9.492719499999999755e-01 9.809013540000000031e-01 1.170070900000000080e-01 1.192413320000000054e-01 1.869886900000000129e-01 3.040137719999999599e-01 1.890587200000000134e-01 2.321710579999999857e-01 2.256852100000000250e-01 1.548327419999999954e-01 1.058550480000000071e-01 1.180786060000000026e-01 1.024632640000000122e-01 1.115597639999999779e-01 1.052940259999999989e-01 1.118567760000000189e-01 2.282898020000000139e-01 2.574293319999999552e-01
4.784337919999999689e-01 4.646395400000000175e-01 0.000000000000000000e+00 5.194370120000000313e-01 4.325402660000000066e-01 4.601943719999999627e-01 6.211765739999999258e-01 6.052133919999999057e-01 5.320273719999999429e-01 2.983680020000000210e-01 6.088181639999999950e-01 2.725105300000000286e-01 3.312056520000000170e-01 3.341390340000000014e-01 6.098147699999999505e-01 6.328435719999999653e-01 6.119705059999999142e-01 6.302799259999999348e-01 6.167017820000000317e-01 6.282912139999999868e-01 2.974765199999999665e-01 2.406334619999999924e-01
6.594140139999999928e-01 6.128748360000000339e-01 5.194370120000000313e-01 0.000000000000000000e+00 5.705717999999999623e-01 6.148569459999999598e-01 2.818667499999999992e-01 2.707520259999999790e-01 2.259294480000000327e-01 2.449923200000000689e-01 3.030838059999999556e-01 2.067164200000000118e-01 2.279138719999999618e-01 3.715032679999999976e-01 2.944529839999999732e-01 3.151931660000000246e-01 2.919207540000000045e-01 3.307071879999999853e-01 2.973074400000000339e-01 3.235324720000000154e-01 3.386585939999999795e-01 4.222514760000000145e-01
9.417818139999999394e-01 9.492719499999999755e-01 4.325402660000000066e-01 5.705717999999999623e-01 0.000000000000000000e+00 9.218523979999998508e-01 1.024504019999999960e-01 1.152351279999999922e-01 2.088179639999999948e-01 3.081627439999999885e-01 2.109109199999999740e-01 2.277946899999999941e-01 2.368293340000000025e-01 1.545193380000000061e-01 9.380321199999999693e-02 1.028027079999999926e-01 9.180605999999999489e-02 9.581113999999998909e-02 9.197635199999999733e-02 9.836574399999999108e-02 2.261986260000000415e-01 2.424398739999999997e-01
9.511105879999999235e-01 9.809013540000000031e-01 4.601943719999999627e-01 6.148569459999999598e-01 9.218523979999998508e-01 0.000000000000000000e+00 1.084511039999999926e-01 1.154522000000000048e-01 1.772190800000000288e-01 2.929838359999999975e-01 1.839218119999999901e-01 2.183647719999999848e-01 2.433973700000000018e-01 1.376938000000000051e-01 9.568229600000000001e-02 1.108472780000000074e-01 9.320753600000000749e-02 1.025612240000000064e-01 9.553413800000000455e-02 1.028305880000000005e-01 2.431871240000000323e-01 2.702041559999999731e-01
1.015027619999999964e-01 1.170070900000000080e-01 6.211765739999999258e-01 2.818667499999999992e-01 1.024504019999999960e-01 1.084511039999999926e-01 0.000000000000000000e+00 9.644889559999999529e-01 4.800374239999999904e-01 2.432424120000000189e-01 4.549503879999999834e-01 3.727632019999999602e-01 5.566725879999999682e-01 4.609892140000000360e-01 9.915765079999999676e-01 9.656035640000000253e-01 9.904129359999999105e-01 9.539126979999998923e-01 9.914958540000000653e-01 9.675597780000000370e-01 5.057599080000000358e-01 1.566043980000000058e-01
1.129903599999999980e-01 1.192413320000000054e-01 6.052133919999999057e-01 2.707520259999999790e-01 1.152351279999999922e-01 1.154522000000000048e-01 9.644889559999999529e-01 0.000000000000000000e+00 4.808881959999999900e-01 2.292990020000000018e-01 4.473107179999999405e-01 3.865041740000000337e-01 6.131837740000000148e-01 4.833313240000000066e-01 9.676688399999999746e-01 9.813369859999999667e-01 9.628365119999999777e-01 9.718785380000000140e-01 9.706756020000000262e-01 9.797453560000001227e-01 5.658513840000000128e-01 2.146487720000000154e-01
2.075639439999999725e-01 1.869886900000000129e-01 5.320273719999999429e-01 2.259294480000000327e-01 2.088179639999999948e-01 1.772190800000000288e-01 4.800374239999999904e-01 4.808881959999999900e-01 0.000000000000000000e+00 2.992515960000000086e-01 8.105258659999998727e-01 2.425035020000000097e-01 2.220896499999999718e-01 2.620544660000000414e-01 4.924358520000000072e-01 5.173252339999999672e-01 4.924761120000000214e-01 5.045406580000000307e-01 4.974853459999999394e-01 5.044632119999999942e-01 2.073686819999999709e-01 3.342186340000000144e-01
2.753955099999999545e-01 3.040137719999999599e-01 2.983680020000000210e-01 2.449923200000000689e-01 3.081627439999999885e-01 2.929838359999999975e-01 2.432424120000000189e-01 2.292990020000000018e-01 2.992515960000000086e-01 0.000000000000000000e+00 2.843203939999999763e-01 7.417487320000000217e-01 3.667767640000000329e-01 5.671027279999999449e-01 2.243474540000000295e-01 2.426500139999999972e-01 2.263817079999999871e-01 2.401863599999999876e-01 2.296825279999999692e-01 2.379213800000000434e-01 3.240469279999999563e-01 3.216190600000000122e-01
1.944184779999999502e-01 1.890587200000000134e-01 6.088181639999999950e-01 3.030838059999999556e-01 2.109109199999999740e-01 1.839218119999999901e-01 4.549503879999999834e-01 4.473107179999999405e-01 8.105258659999998727e-01 2.843203939999999763e-01 0.000000000000000000e+00 2.110393460000000165e-01 2.322144140000000356e-01 2.590729019999999938e-01 4.592016600000000115e-01 4.877999919999999601e-01 4.564761739999999568e-01 4.812244860000000068e-01 4.625401659999999748e-01 4.793450260000000074e-01 2.379491719999999866e-01 3.747442040000000252e-01
1.743449280000000101e-01 2.321710579999999857e-01 2.725105300000000286e-01 2.067164200000000118e-01 2.277946899999999941e-01 2.183647719999999848e-01 3.727632019999999602e-01 3.865041740000000337e-01 2.425035020000000097e-01 7.417487320000000217e-01 2.110393460000000165e-01 0.000000000000000000e+00 3.286486640000000348e-01 8.648573720000000131e-01 3.593350960000000205e-01 3.882916060000000114e-01 3.554177259999999894e-01 3.799530899999999933e-01 3.658952259999999623e-01 3.820584860000000305e-01 4.712059540000000379e-01 3.193208639999999821e-01
2.320431759999999899e-01 2.256852100000000250e-01 3.312056520000000170e-01 2.279138719999999618e-01 2.368293340000000025e-01 2.433973700000000018e-01 5.566725879999999682e-01 6.131837740000000148e-01 2.220896499999999718e-01 3.667767640000000329e-01 2.322144140000000356e-01 3.286486640000000348e-01 0.000000000000000000e+00 3.434808660000000513e-01 5.697265360000000056e-01 5.639511080000000343e-01 5.609875819999998736e-01 5.646172619999999531e-01 5.670876419999999474e-01 5.757431079999999479e-01 8.216399119999999723e-01 6.095730240000000189e-01
1.198931940000000085e-01 1.548327419999999954e-01 3.341390340000000014e-01 3.715032679999999976e-01 1.545193380000000061e-01 1.376938000000000051e-01 4.609892140000000360e-01 4.833313240000000066e-01 2.620544660000000414e-01 5.671027279999999449e-01 2.590729019999999938e-01 8.648573720000000131e-01 3.434808660000000513e-01 0.000000000000000000e+00 4.594121640000000117e-01 4.976265420000000606e-01 4.559185499999999780e-01 4.988198640000000017e-01 4.661994560000000121e-01 5.012381880000000844e-01 5.187605960000000183e-01 3.277011499999999966e-01
9.052805199999999775e-02 1.058550480000000071e-01 6.098147699999999505e-01 2.944529839999999732e-01 9.380321199999999693e-02 9.568229600000000001e-02 9.915765079999999676e-01 9.676688399999999746e-01 4.924358520000000072e-01 2.243474540000000295e-01 4.592016600000000115e-01 3.593350960000000205e-01 5.697265360000000056e-01 4.594121640000000117e-01 0.000000000000000000e+00 9.692415880000000428e-01 9.953361219999999898e-01 9.585120400000001206e-01 9.968938520000000247e-01 9.725966299999999620e-01 5.150783660000001207e-01 1.725366700000000031e-01
1.037869220000000176e-01 1.180786060000000026e-01 6.328435719999999653e-01 3.151931660000000246e-01 1.028027079999999926e-01 1.108472780000000074e-01 9.656035640000000253e-01 9.813369859999999667e-01 5.173252339999999672e-01 2.426500139999999972e-01 4.877999919999999601e-01 3.882916060000000114e-01 5.639511080000000343e-01 4.976265420000000606e-01 9.692415880000000428e-01 0.000000000000000000e+00 9.678816599999999770e-01 9.931053420000000020e-01 9.764593579999999440e-01 9.968148580000001369e-01 5.304893840000000083e-01 1.844808999999999755e-01
8.923823599999999856e-02 1.024632640000000122e-01 6.119705059999999142e-01 2.919207540000000045e-01 9.180605999999999489e-02 9.320753600000000749e-02 9.904129359999999105e-01 9.628365119999999777e-01 4.924761120000000214e-01 2.263817079999999871e-01 4.564761739999999568e-01 3.554177259999999894e-01 5.609875819999998736e-01 4.559185499999999780e-01 9.953361219999999898e-01 9.678816599999999770e-01 0.000000000000000000e+00 9.581395300000000725e-01 9.982169739999999791e-01 9.702510200000000751e-01 5.073827300000000040e-01 1.634640860000000084e-01
1.026806539999999962e-01 1.115597639999999779e-01 6.302799259999999348e-01 3.307071879999999853e-01 9.581113999999998909e-02 1.025612240000000064e-01 9.539126979999998923e-01 9.718785380000000140e-01 5.045406580000000307e-01 2.401863599999999876e-01 4.812244860000000068e-01 3.799530899999999933e-01 5.646172619999999531e-01 4.988198640000000017e-01 9.585120400000001206e-01 9.931053420000000020e-01 9.581395300000000725e-01 0.000000000000000000e+00 9.669024280000000360e-01 9.954341060000000407e-01 5.419275320000001006e-01 2.002715659999999842e-01
9.017803399999999026e-02 1.052940259999999989e-01 6.167017820000000317e-01 2.973074400000000339e-01 9.197635199999999733e-02 9.553413800000000455e-02 9.914958540000000653e-01 9.706756020000000262e-01 4.974853459999999394e-01 2.296825279999999692e-01 4.625401659999999748e-01 3.658952259999999623e-01 5.670876419999999474e-01 4.661994560000000121e-01 9.968938520000000247e-01 9.764593579999999440e-01 9.982169739999999791e-01 9.669024280000000360e-01 0.000000000000000000e+00 9.783122419999999986e-01 5.165608959999999916e-01 1.693924619999999936e-01
1.006533099999999958e-01 1.118567760000000189e-01 6.282912139999999868e-01 3.235324720000000154e-01 9.836574399999999108e-02 1.028305880000000005e-01 9.675597780000000370e-01 9.797453560000001227e-01 5.044632119999999942e-01 2.379213800000000434e-01 4.793450260000000074e-01 3.820584860000000305e-01 5.757431079999999479e-01 5.012381880000000844e-01 9.725966299999999620e-01 9.968148580000001369e-01 9.702510200000000751e-01 9.954341060000000407e-01 9.783122419999999986e-01 0.000000000000000000e+00 5.457801740000001178e-01 1.995889300000000255e-01
2.401315420000000034e-01 2.282898020000000139e-01 2.974765199999999665e-01 3.386585939999999795e-01 2.261986260000000415e-01 2.431871240000000323e-01 5.057599080000000358e-01 5.658513840000000128e-01 2.073686819999999709e-01 3.240469279999999563e-01 2.379491719999999866e-01 4.712059540000000379e-01 8.216399119999999723e-01 5.187605960000000183e-01 5.150783660000001207e-01 5.304893840000000083e-01 5.073827300000000040e-01 5.419275320000001006e-01 5.165608959999999916e-01 5.457801740000001178e-01 0.000000000000000000e+00 7.219049799999999184e-01
2.529527639999999966e-01 2.574293319999999552e-01 2.406334619999999924e-01 4.222514760000000145e-01 2.424398739999999997e-01 2.702041559999999731e-01 1.566043980000000058e-01 2.146487720000000154e-01 3.342186340000000144e-01 3.216190600000000122e-01 3.747442040000000252e-01 3.193208639999999821e-01 6.095730240000000189e-01 3.277011499999999966e-01 1.725366700000000031e-01 1.844808999999999755e-01 1.634640860000000084e-01 2.002715659999999842e-01 1.693924619999999936e-01 1.995889300000000255e-01 7.219049799999999184e-01 0.000000000000000000e+00
