0.000000000000000000e+00 2.553037199999999562e-01 1.075890320000000011e-01 3.826134419999999703e-01 2.637289959999999933e-01 6.855053740000000007e-01 7.720541399999999999e-02 9.666667799999999200e-02 8.949318600000000234e-02 7.473362799999999639e-02 1.069767619999999891e-01 1.063641139999999818e-01 8.353276599999999441e-02 1.074727539999999759e-01 6.809074400000000860e-02 9.494977599999999962e-02 8.113347199999999815e-02 1.006008519999999906e-01 7.486002599999999618e-02 1.279953500000000077e-01 8.985300200000001514e-02 9.007334600000001246e-02
2.553037199999999562e-01 0.000000000000000000e+00 1.799885100000000182e-01 1.498833519999999975e-01 6.443812259999999181e-01 1.147023180000000114e-01 5.644480000000000330e-02 5.560043200000001212e-02 1.411483899999999847e-01 1.096048220000000184e-01 1.135289820000000144e-01 7.501523000000001606e-02 1.112292920000000213e-01 8.024332600000000371e-02 5.798606399999998995e-02 1.127760960000000062e-01 5.238015799999999611e-02 7.030347600000000363e-02 5.452830399999999272e-02 8.256591599999998921e-02 7.185341000000000644e-02 9.807271799999998929e-02
1.075890320000000011e-01 1.799885100000000182e-01 0.000000000000000000e+00 1.226736999999999966e-01 2.138757680000000216e-01 6.839892200000000089e-02 1.213335540000000101e-01 1.971954840000000042e-01 9.989712200000000486e-02 1.001274620000000004e-01 4.587792039999999960e-01 1.291064860000000203e-01 3.829076359999999957e-01 9.038239400000000479e-02 7.373545600000000477e-02 1.293567120000000126e-01 2.338227799999999801e-01 2.339669719999999953e-01 2.501411359999999862e-01 2.403380760000000116e-01 3.302175399999999761e-01 2.127117520000000039e-01
3.826134419999999703e-01 1.498833519999999975e-01 1.226736999999999966e-01 0.000000000000000000e+00 2.136858779999999958e-01 3.463713919999999447e-01 1.344151520000000100e-01 2.091084959999999771e-01 1.591268259999999990e-01 1.521674379999999882e-01 9.657132400000000005e-02 3.943736620000000137e-01 4.907773199999999891e-02 3.333126880000000236e-01 1.089490059999999871e-01 8.216133000000000464e-02 1.171387520000000126e-01 1.361958659999999988e-01 1.244716779999999884e-01 1.459603559999999856e-01 8.322721199999999486e-02 3.205468300000000048e-01
2.637289959999999933e-01 6.443812259999999181e-01 2.138757680000000216e-01 2.136858779999999958e-01 0.000000000000000000e+00 2.887871100000000135e-01 6.470770400000000477e-02 6.477917200000000986e-02 9.324160000000000781e-02 8.676387200000000577e-02 1.032796020000000120e-01 1.092049080000000033e-01 1.052358240000000056e-01 9.865253600000001288e-02 6.987640799999998709e-02 1.098548699999999795e-01 3.861296799999999751e-02 8.176145199999999835e-02 4.019985799999999804e-02 9.274304999999997967e-02 6.392919999999999159e-02 9.879841799999999896e-02
6.855053740000000007e-01 1.147023180000000114e-01 6.839892200000000089e-02 3.463713919999999447e-01 2.887871100000000135e-01 0.000000000000000000e+00 8.589403199999999516e-02 1.035738920000000007e-01 7.811859999999999637e-02 9.019017399999999796e-02 1.262551939999999873e-01 1.085708979999999990e-01 1.224326260000000027e-01 8.428906599999999583e-02 5.073613200000000323e-02 7.905157799999999735e-02 9.534761200000001213e-02 9.156079600000001373e-02 8.710720600000002034e-02 1.192143419999999870e-01 8.865930999999999118e-02 8.434854999999999436e-02
7.720541399999999999e-02 5.644480000000000330e-02 1.213335540000000101e-01 1.344151520000000100e-01 6.470770400000000477e-02 8.589403199999999516e-02 0.000000000000000000e+00 6.547045860000000328e-01 1.266644339999999924e-01 2.362464439999999721e-01 1.281174959999999974e-01 1.021571060000000114e-01 1.008350360000000168e-01 8.815137199999997786e-02 3.350619799999999815e-01 2.362024580000000040e-01 6.041953340000001393e-01 6.441774679999999753e-01 6.663676099999999991e-01 6.072043999999999775e-01 1.387403439999999877e-01 2.404396059999999724e-01
9.666667799999999200e-02 5.560043200000001212e-02 1.971954840000000042e-01 2.091084959999999771e-01 6.477917200000000986e-02 1.035738920000000007e-01 6.547045860000000328e-01 0.000000000000000000e+00 1.342455520000000180e-01 2.157477980000000461e-01 1.153065559999999906e-01 1.301764999999999728e-01 9.582148399999999844e-02 1.063568000000000013e-01 1.589712879999999884e-01 4.286491739999999662e-01 6.411597060000000514e-01 6.647914339999999589e-01 7.102484279999999872e-01 6.418976239999999445e-01 1.603347999999999995e-01 2.976215919999999904e-01
8.949318600000000234e-02 1.411483899999999847e-01 9.989712200000000486e-02 1.591268259999999990e-01 9.324160000000000781e-02 7.811859999999999637e-02 1.266644339999999924e-01 1.342455520000000180e-01 0.000000000000000000e+00 8.460682399999999714e-02 1.294962139999999984e-01 1.828815460000000059e-01 2.501310360000000288e-01 1.129032340000000190e-01 1.533456759999999863e-01 1.012531140000000052e-01 1.056112319999999993e-01 1.403561799999999971e-01 1.194906599999999985e-01 1.630901260000000019e-01 1.281522559999999922e-01 1.511688979999999960e-01
7.473362799999999639e-02 1.096048220000000184e-01 1.001274620000000004e-01 1.521674379999999882e-01 8.676387200000000577e-02 9.019017399999999796e-02 2.362464439999999721e-01 2.157477980000000461e-01 8.460682399999999714e-02 0.000000000000000000e+00 1.495409219999999928e-01 8.013438400000000295e-02 1.403671320000000056e-01 4.313821680000000103e-01 1.011110739999999952e-01 1.201900699999999961e-01 2.070593940000000077e-01 2.124698379999999942e-01 2.091638640000000327e-01 1.903938639999999960e-01 1.052786079999999957e-01 1.096282879999999904e-01
1.069767619999999891e-01 1.135289820000000144e-01 4.587792039999999960e-01 9.657132400000000005e-02 1.032796020000000120e-01 1.262551939999999873e-01 1.281174959999999974e-01 1.153065559999999906e-01 1.294962139999999984e-01 1.495409219999999928e-01 0.000000000000000000e+00 9.720037600000000499e-02 5.026906920000000500e-01 9.660522800000000132e-02 1.148637980000000169e-01 1.086292559999999935e-01 1.212089079999999902e-01 1.221293579999999934e-01 1.254643360000000096e-01 1.361845220000000023e-01 4.194995999999999725e-01 2.658025940000000031e-01
1.063641139999999818e-01 7.501523000000001606e-02 1.291064860000000203e-01 3.943736620000000137e-01 1.092049080000000033e-01 1.085708979999999990e-01 1.021571060000000114e-01 1.301764999999999728e-01 1.828815460000000059e-01 8.013438400000000295e-02 9.720037600000000499e-02 0.000000000000000000e+00 8.812481800000000753e-02 2.139502380000000148e-01 9.343814600000001358e-02 4.780369399999999380e-02 1.182968999999999965e-01 1.116170600000000040e-01 1.244455960000000055e-01 1.287013480000000210e-01 8.958217999999999737e-02 2.784316320000000400e-01
8.353276599999999441e-02 1.112292920000000213e-01 3.829076359999999957e-01 4.907773199999999891e-02 1.052358240000000056e-01 1.224326260000000027e-01 1.008350360000000168e-01 9.582148399999999844e-02 2.501310360000000288e-01 1.403671320000000056e-01 5.026906920000000500e-01 8.812481800000000753e-02 0.000000000000000000e+00 9.771238799999999725e-02 1.656901959999999840e-01 1.018015059999999999e-01 1.003705039999999993e-01 7.810984799999999562e-02 1.067376920000000090e-01 7.372416400000000869e-02 4.211953539999999663e-01 1.376555879999999954e-01
1.074727539999999759e-01 8.024332600000000371e-02 9.038239400000000479e-02 3.333126880000000236e-01 9.865253600000001288e-02 8.428906599999999583e-02 8.815137199999997786e-02 1.063568000000000013e-01 1.129032340000000190e-01 4.313821680000000103e-01 9.660522800000000132e-02 2.139502380000000148e-01 9.771238799999999725e-02 0.000000000000000000e+00 1.003906999999999855e-01 7.269888399999999140e-02 1.011782380000000037e-01 1.225517220000000018e-01 1.080931980000000153e-01 1.416752339999999832e-01 1.396008400000000038e-01 1.656769400000000225e-01
6.809074400000000860e-02 5.798606399999998995e-02 7.373545600000000477e-02 1.089490059999999871e-01 6.987640799999998709e-02 5.073613200000000323e-02 3.350619799999999815e-01 1.589712879999999884e-01 1.533456759999999863e-01 1.011110739999999952e-01 1.148637980000000169e-01 9.343814600000001358e-02 1.656901959999999840e-01 1.003906999999999855e-01 0.000000000000000000e+00 3.550640219999999792e-01 1.066032199999999985e-01 3.792625840000000137e-01 4.808960600000000002e-02 1.976982060000000152e-01 1.117781799999999909e-01 1.528768999999999822e-01
9.494977599999999962e-02 1.127760960000000062e-01 1.293567120000000126e-01 8.216133000000000464e-02 1.098548699999999795e-01 7.905157799999999735e-02 2.362024580000000040e-01 4.286491739999999662e-01 1.012531140000000052e-01 1.201900699999999961e-01 1.086292559999999935e-01 4.780369399999999380e-02 1.018015059999999999e-01 7.269888399999999140e-02 3.550640219999999792e-01 0.000000000000000000e+00 2.038629499999999872e-01 4.009904260000000109e-01 2.711149279999999773e-01 2.862692820000000138e-01 7.427240999999998317e-02 1.335002299999999975e-01
8.113347199999999815e-02 5.238015799999999611e-02 2.338227799999999801e-01 1.171387520000000126e-01 3.861296799999999751e-02 9.534761200000001213e-02 6.041953340000001393e-01 6.411597060000000514e-01 1.056112319999999993e-01 2.070593940000000077e-01 1.212089079999999902e-01 1.182968999999999965e-01 1.003705039999999993e-01 1.011782380000000037e-01 1.066032199999999985e-01 2.038629499999999872e-01 0.000000000000000000e+00 5.005447499999999827e-01 9.570186760000000126e-01 5.649006219999999079e-01 1.753115080000000048e-01 2.265220460000000047e-01
1.006008519999999906e-01 7.030347600000000363e-02 2.339669719999999953e-01 1.361958659999999988e-01 8.176145199999999835e-02 9.156079600000001373e-02 6.441774679999999753e-01 6.647914339999999589e-01 1.403561799999999971e-01 2.124698379999999942e-01 1.221293579999999934e-01 1.116170600000000040e-01 7.810984799999999562e-02 1.225517220000000018e-01 3.792625840000000137e-01 4.009904260000000109e-01 5.005447499999999827e-01 0.000000000000000000e+00 5.879264760000000312e-01 8.772130939999998045e-01 1.738123679999999671e-01 2.819543560000000171e-01
7.486002599999999618e-02 5.452830399999999272e-02 2.501411359999999862e-01 1.244716779999999884e-01 4.019985799999999804e-02 8.710720600000002034e-02 6.663676099999999991e-01 7.102484279999999872e-01 1.194906599999999985e-01 2.091638640000000327e-01 1.254643360000000096e-01 1.244455960000000055e-01 1.067376920000000090e-01 1.080931980000000153e-01 4.808960600000000002e-02 2.711149279999999773e-01 9.570186760000000126e-01 5.879264760000000312e-01 0.000000000000000000e+00 6.136487840000000027e-01 1.848752559999999878e-01 2.598692599999999908e-01
1.279953500000000077e-01 8.256591599999998921e-02 2.403380760000000116e-01 1.459603559999999856e-01 9.274304999999997967e-02 1.192143419999999870e-01 6.072043999999999775e-01 6.418976239999999445e-01 1.630901260000000019e-01 1.903938639999999960e-01 1.361845220000000023e-01 1.287013480000000210e-01 7.372416400000000869e-02 1.416752339999999832e-01 1.976982060000000152e-01 2.862692820000000138e-01 5.649006219999999079e-01 8.772130939999998045e-01 6.136487840000000027e-01 0.000000000000000000e+00 1.904613240000000152e-01 2.615391679999999885e-01
8.985300200000001514e-02 7.185341000000000644e-02 3.302175399999999761e-01 8.322721199999999486e-02 6.392919999999999159e-02 8.865930999999999118e-02 1.387403439999999877e-01 1.603347999999999995e-01 1.281522559999999922e-01 1.052786079999999957e-01 4.194995999999999725e-01 8.958217999999999737e-02 4.211953539999999663e-01 1.396008400000000038e-01 1.117781799999999909e-01 7.427240999999998317e-02 1.753115080000000048e-01 1.738123679999999671e-01 1.848752559999999878e-01 1.904613240000000152e-01 0.000000000000000000e+00 3.026049699999999731e-01
9.007334600000001246e-02 9.807271799999998929e-02 2.127117520000000039e-01 3.205468300000000048e-01 9.879841799999999896e-02 8.434854999999999436e-02 2.404396059999999724e-01 2.976215919999999904e-01 1.511688979999999960e-01 1.096282879999999904e-01 2.658025940000000031e-01 2.784316320000000400e-01 1.376555879999999954e-01 1.656769400000000225e-01 1.528768999999999822e-01 1.335002299999999975e-01 2.265220460000000047e-01 2.819543560000000171e-01 2.598692599999999908e-01 2.615391679999999885e-01 3.026049699999999731e-01 0.000000000000000000e+00
