0.000000000000000000e+00 1.696126040000000279e-01 1.797041859999999880e-01 3.019829599999999670e-01 1.108788319999999966e-01 7.983648020000000400e-01 2.691098639999999764e-01 1.946980599999999784e-01 2.937404920000000752e-01 1.824642659999999861e-01 2.207964940000000098e-01 1.826930680000000140e-01 2.286648800000000148e-01 1.877706379999999897e-01 2.600768179999999874e-01 2.917961639999999690e-01 2.861710519999999813e-01 3.021198059999999908e-01 2.912441500000000350e-01 2.769981579999999388e-01 1.983815379999999962e-01 1.915043479999999909e-01
1.696126040000000279e-01 0.000000000000000000e+00 3.629632540000000129e-01 2.480989720000000287e-01 6.531988060000000207e-01 2.024693860000000289e-01 2.970957399999999415e-01 1.551215140000000159e-01 1.685886199999999946e-01 2.753062160000000480e-01 3.003506080000000189e-01 3.296649660000000037e-01 2.700958059999999938e-01 2.628116139999999712e-01 2.931158199999999714e-01 3.419738860000000047e-01 1.707542899999999753e-01 2.597660700000000156e-01 1.979037620000000108e-01 1.891950899999999824e-01 2.989392800000000294e-01 3.257279260000000010e-01
1.797041859999999880e-01 3.629632540000000129e-01 0.000000000000000000e+00 2.265525160000000093e-01 3.669568520000000555e-01 1.783763280000000007e-01 5.116729500000000153e-01 2.807252319999999912e-01 2.631472960000000305e-01 6.158212579999999825e-01 7.646914859999999203e-01 2.427827599999999586e-01 7.483187279999999886e-01 2.710646039999999868e-01 2.185741139999999860e-01 3.246393140000000122e-01 3.024379799999999952e-01 1.936382580000000075e-01 2.615113079999999979e-01 1.554291399999999934e-01 7.494914200000000193e-01 3.443974300000000044e-01
3.019829599999999670e-01 2.480989720000000287e-01 2.265525160000000093e-01 0.000000000000000000e+00 1.890529119999999896e-01 2.279915220000000298e-01 1.955348840000000199e-01 5.686644659999999796e-01 6.021384940000000796e-01 2.685270399999999946e-01 2.099077759999999626e-01 7.651289940000000067e-01 2.045322539999999967e-01 5.781524059999999521e-01 2.160000120000000190e-01 2.576216100000000009e-01 2.597517180000000758e-01 3.105286360000000245e-01 2.345416899999999971e-01 2.382230620000000409e-01 2.430048059999999899e-01 5.072833919999999441e-01
1.108788319999999966e-01 6.531988060000000207e-01 3.669568520000000555e-01 1.890529119999999896e-01 0.000000000000000000e+00 1.632689679999999866e-01 2.624129000000000045e-01 2.617944259999999690e-01 3.010577719999999458e-01 2.443346120000000066e-01 2.792296820000000346e-01 2.383669720000000380e-01 3.302920399999999534e-01 2.021239179999999858e-01 3.901582920000000176e-01 2.786497360000000367e-01 2.757165560000000015e-01 2.585313379999999994e-01 2.807259839999999840e-01 2.378521600000000069e-01 2.787159220000000603e-01 2.860614879999999749e-01
7.983648020000000400e-01 2.024693860000000289e-01 1.783763280000000007e-01 2.279915220000000298e-01 1.632689679999999866e-01 0.000000000000000000e+00 1.956746340000000139e-01 2.071468099999999590e-01 2.819146840000000265e-01 2.155394879999999735e-01 1.936441299999999976e-01 1.848451900000000203e-01 2.366514060000000086e-01 1.667795440000000018e-01 2.329555939999999603e-01 2.468257599999999774e-01 2.509911799999999804e-01 2.095510999999999624e-01 2.685566759999999942e-01 1.738263480000000194e-01 2.556713179999999808e-01 1.387163000000000146e-01
2.691098639999999764e-01 2.970957399999999415e-01 5.116729500000000153e-01 1.955348840000000199e-01 2.624129000000000045e-01 1.956746340000000139e-01 0.000000000000000000e+00 2.340601800000000066e-01 2.586371399999999876e-01 4.347021779999999391e-01 5.014092339999999259e-01 1.759634619999999872e-01 5.411678839999999324e-01 2.705995840000000596e-01 5.105026840000000954e-01 3.124715999999999605e-01 3.117110260000000022e-01 2.677864419999999579e-01 4.167339879999999996e-01 4.529039100000000206e-01 4.602771279999999798e-01 3.782886679999999946e-01
1.946980599999999784e-01 1.551215140000000159e-01 2.807252319999999912e-01 5.686644659999999796e-01 2.617944259999999690e-01 2.071468099999999590e-01 2.340601800000000066e-01 0.000000000000000000e+00 4.364414739999999959e-01 2.176776359999999799e-01 2.435780599999999851e-01 5.741105539999999952e-01 2.647369120000000464e-01 3.873464080000000309e-01 1.748617120000000025e-01 2.969896680000000400e-01 2.458214639999999618e-01 2.682623780000000235e-01 2.596223979999999765e-01 2.808531939999999727e-01 1.899553319999999768e-01 5.309490539999999204e-01
2.937404920000000752e-01 1.685886199999999946e-01 2.631472960000000305e-01 6.021384940000000796e-01 3.010577719999999458e-01 2.819146840000000265e-01 2.586371399999999876e-01 4.364414739999999959e-01 0.000000000000000000e+00 2.652334239999999399e-01 3.599758819999999693e-01 5.211270820000000192e-01 2.582463640000000060e-01 4.212911700000000481e-01 2.310508560000000267e-01 2.991709700000000360e-01 3.056769300000000134e-01 3.460919040000000058e-01 2.841685660000000668e-01 1.483805480000000010e-01 2.539095559999999807e-01 4.908914720000000509e-01
1.824642659999999861e-01 2.753062160000000480e-01 6.158212579999999825e-01 2.685270399999999946e-01 2.443346120000000066e-01 2.155394879999999735e-01 4.347021779999999391e-01 2.176776359999999799e-01 2.652334239999999399e-01 0.000000000000000000e+00 5.677958440000000495e-01 3.034691079999999874e-01 6.042468500000000020e-01 2.432812020000000020e-01 2.630531979999999881e-01 2.874224039999999647e-01 1.839707380000000225e-01 1.695649599999999868e-01 2.756662260000000142e-01 2.278909319999999905e-01 7.238233099999999975e-01 2.752409120000000042e-01
2.207964940000000098e-01 3.003506080000000189e-01 7.646914859999999203e-01 2.099077759999999626e-01 2.792296820000000346e-01 1.936441299999999976e-01 5.014092339999999259e-01 2.435780599999999851e-01 3.599758819999999693e-01 5.677958440000000495e-01 0.000000000000000000e+00 2.119700079999999875e-01 8.292449160000000541e-01 2.721156839999999688e-01 2.061173559999999738e-01 3.416787199999999913e-01 2.944253900000000090e-01 2.934348880000000048e-01 2.868764039999999738e-01 1.987283599999999928e-01 7.454075540000000277e-01 4.219098160000000486e-01
1.826930680000000140e-01 3.296649660000000037e-01 2.427827599999999586e-01 7.651289940000000067e-01 2.383669720000000380e-01 1.848451900000000203e-01 1.759634619999999872e-01 5.741105539999999952e-01 5.211270820000000192e-01 3.034691079999999874e-01 2.119700079999999875e-01 0.000000000000000000e+00 2.066840240000000217e-01 5.473205839999999434e-01 2.278375499999999998e-01 3.519467219999999896e-01 2.638318179999999957e-01 2.851940819999999599e-01 2.560956879999999880e-01 1.522690520000000158e-01 2.355340540000000205e-01 5.824227520000000435e-01
2.286648800000000148e-01 2.700958059999999938e-01 7.483187279999999886e-01 2.045322539999999967e-01 3.302920399999999534e-01 2.366514060000000086e-01 5.411678839999999324e-01 2.647369120000000464e-01 2.582463640000000060e-01 6.042468500000000020e-01 8.292449160000000541e-01 2.066840240000000217e-01 0.000000000000000000e+00 2.657103559999999809e-01 2.568076619999999921e-01 3.007409699999999964e-01 2.100613639999999727e-01 2.325015860000000101e-01 2.234013880000000063e-01 1.856280739999999763e-01 7.587862339999998929e-01 3.942579119999999882e-01
1.877706379999999897e-01 2.628116139999999712e-01 2.710646039999999868e-01 5.781524059999999521e-01 2.021239179999999858e-01 1.667795440000000018e-01 2.705995840000000596e-01 3.873464080000000309e-01 4.212911700000000481e-01 2.432812020000000020e-01 2.721156839999999688e-01 5.473205839999999434e-01 2.657103559999999809e-01 0.000000000000000000e+00 2.366459939999999984e-01 2.625202340000000190e-01 1.948663079999999881e-01 2.537117379999999645e-01 2.325974699999999729e-01 1.836981780000000175e-01 2.501280600000000409e-01 3.200445899999999622e-01
2.600768179999999874e-01 2.931158199999999714e-01 2.185741139999999860e-01 2.160000120000000190e-01 3.901582920000000176e-01 2.329555939999999603e-01 5.105026840000000954e-01 1.748617120000000025e-01 2.310508560000000267e-01 2.630531979999999881e-01 2.061173559999999738e-01 2.278375499999999998e-01 2.568076619999999921e-01 2.366459939999999984e-01 0.000000000000000000e+00 2.806555020000000011e-01 4.212550560000000166e-01 3.379759279999999810e-01 4.448432519999999668e-01 5.446350680000000555e-01 2.383509099999999992e-01 2.888247660000000105e-01
2.917961639999999690e-01 3.419738860000000047e-01 3.246393140000000122e-01 2.576216100000000009e-01 2.786497360000000367e-01 2.468257599999999774e-01 3.124715999999999605e-01 2.969896680000000400e-01 2.991709700000000360e-01 2.874224039999999647e-01 3.416787199999999913e-01 3.519467219999999896e-01 3.007409699999999964e-01 2.625202340000000190e-01 2.806555020000000011e-01 0.000000000000000000e+00 3.034113059999999917e-01 3.826800939999999152e-01 5.293808280000000810e-01 3.172294600000000186e-01 2.760052419999999840e-01 3.032997599999999738e-01
2.861710519999999813e-01 1.707542899999999753e-01 3.024379799999999952e-01 2.597517180000000758e-01 2.757165560000000015e-01 2.509911799999999804e-01 3.117110260000000022e-01 2.458214639999999618e-01 3.056769300000000134e-01 1.839707380000000225e-01 2.944253900000000090e-01 2.638318179999999957e-01 2.100613639999999727e-01 1.948663079999999881e-01 4.212550560000000166e-01 3.034113059999999917e-01 0.000000000000000000e+00 1.582166660000000058e-01 7.714345400000000019e-01 2.353959339999999734e-01 1.671633960000000196e-01 2.898380559999999551e-01
3.021198059999999908e-01 2.597660700000000156e-01 1.936382580000000075e-01 3.105286360000000245e-01 2.585313379999999994e-01 2.095510999999999624e-01 2.677864419999999579e-01 2.682623780000000235e-01 3.460919040000000058e-01 1.695649599999999868e-01 2.934348880000000048e-01 2.851940819999999599e-01 2.325015860000000101e-01 2.537117379999999645e-01 3.379759279999999810e-01 3.826800939999999152e-01 1.582166660000000058e-01 0.000000000000000000e+00 2.960029519999999859e-01 6.097009300000000298e-01 1.665214299999999981e-01 2.690820139999999805e-01
2.912441500000000350e-01 1.979037620000000108e-01 2.615113079999999979e-01 2.345416899999999971e-01 2.807259839999999840e-01 2.685566759999999942e-01 4.167339879999999996e-01 2.596223979999999765e-01 2.841685660000000668e-01 2.756662260000000142e-01 2.868764039999999738e-01 2.560956879999999880e-01 2.234013880000000063e-01 2.325974699999999729e-01 4.448432519999999668e-01 5.293808280000000810e-01 7.714345400000000019e-01 2.960029519999999859e-01 0.000000000000000000e+00 3.396650079999999905e-01 2.395739259999999926e-01 2.516795940000000065e-01
2.769981579999999388e-01 1.891950899999999824e-01 1.554291399999999934e-01 2.382230620000000409e-01 2.378521600000000069e-01 1.738263480000000194e-01 4.529039100000000206e-01 2.808531939999999727e-01 1.483805480000000010e-01 2.278909319999999905e-01 1.987283599999999928e-01 1.522690520000000158e-01 1.856280739999999763e-01 1.836981780000000175e-01 5.446350680000000555e-01 3.172294600000000186e-01 2.353959339999999734e-01 6.097009300000000298e-01 3.396650079999999905e-01 0.000000000000000000e+00 1.577028179999999946e-01 2.351545119999999822e-01
1.983815379999999962e-01 2.989392800000000294e-01 7.494914200000000193e-01 2.430048059999999899e-01 2.787159220000000603e-01 2.556713179999999808e-01 4.602771279999999798e-01 1.899553319999999768e-01 2.539095559999999807e-01 7.238233099999999975e-01 7.454075540000000277e-01 2.355340540000000205e-01 7.587862339999998929e-01 2.501280600000000409e-01 2.383509099999999992e-01 2.760052419999999840e-01 1.671633960000000196e-01 1.665214299999999981e-01 2.395739259999999926e-01 1.577028179999999946e-01 0.000000000000000000e+00 3.918937900000000196e-01
1.915043479999999909e-01 3.257279260000000010e-01 3.443974300000000044e-01 5.072833919999999441e-01 2.860614879999999749e-01 1.387163000000000146e-01 3.782886679999999946e-01 5.309490539999999204e-01 4.908914720000000509e-01 2.752409120000000042e-01 4.219098160000000486e-01 5.824227520000000435e-01 3.942579119999999882e-01 3.200445899999999622e-01 2.888247660000000105e-01 3.032997599999999738e-01 2.898380559999999551e-01 2.690820139999999805e-01 2.516795940000000065e-01 2.351545119999999822e-01 3.918937900000000196e-01 0.000000000000000000e+00
