0.000000000000000000e+00 2.391016759999999852e-01 2.528038599999999914e-01 3.061964799999999931e-01 2.094681780000000049e-01 7.510658119999998883e-01 2.269487960000000082e-01 2.273375820000000103e-01 2.506516140000000226e-01 3.037790880000000304e-01 2.826217420000000091e-01 2.404011220000000226e-01 4.048246299999999631e-01 2.806448500000000013e-01 2.200089460000000108e-01 2.394329920000000111e-01 1.644189699999999976e-01 3.084977439999999627e-01 2.165322200000000252e-01 2.516596819999999957e-01 2.957731660000000318e-01 1.591350979999999748e-01
2.391016759999999852e-01 0.000000000000000000e+00 1.829174600000000039e-01 2.361991999999999980e-01 7.917830300000000543e-01 3.142972400000000333e-01 2.322662620000000011e-01 3.039038319999999849e-01 1.781160999999999994e-01 1.582601800000000003e-01 1.989831999999999990e-01 1.983751400000000054e-01 1.861988059999999945e-01 3.343581499999999651e-01 2.463625559999999548e-01 1.608918779999999882e-01 1.556375980000000159e-01 1.893873819999999930e-01 1.928111640000000071e-01 2.116445899999999936e-01 1.941256700000000279e-01 2.930970259999999827e-01
2.528038599999999914e-01 1.829174600000000039e-01 0.000000000000000000e+00 1.456161719999999882e-01 2.153111580000000025e-01 2.287675960000000175e-01 4.773026559999999918e-01 3.030793079999999917e-01 2.851067199999999802e-01 5.226684020000000874e-01 7.813360560000001120e-01 2.684221160000000439e-01 7.494184200000000295e-01 2.466165799999999741e-01 3.292005339999999891e-01 3.560017839999999323e-01 3.015789399999999620e-01 2.354592140000000278e-01 3.574393280000000006e-01 2.609746000000000010e-01 7.952530499999999059e-01 4.922843040000000059e-01
3.061964799999999931e-01 2.361991999999999980e-01 1.456161719999999882e-01 0.000000000000000000e+00 1.787978460000000103e-01 2.637276179999999970e-01 2.288169559999999603e-01 5.925066900000001135e-01 5.104056040000000127e-01 2.737918179999999646e-01 1.131020560000000064e-01 6.608073100000000366e-01 2.241189160000000291e-01 5.031768339999999062e-01 3.043394540000000648e-01 2.443592400000000053e-01 2.949742639999999860e-01 2.679119799999999940e-01 2.666641200000000045e-01 3.155033299999999707e-01 1.564056359999999868e-01 4.082619080000000622e-01
2.094681780000000049e-01 7.917830300000000543e-01 2.153111580000000025e-01 1.787978460000000103e-01 0.000000000000000000e+00 3.135360139999999740e-01 3.275694459999999864e-01 3.136275299999999877e-01 1.493780739999999996e-01 2.053018720000000241e-01 2.946803500000000353e-01 1.415205499999999950e-01 2.117968580000000323e-01 2.487816939999999977e-01 3.132827380000000050e-01 2.008024899999999724e-01 2.555113820000000091e-01 2.347037020000000140e-01 2.490430060000000390e-01 3.216690619999999501e-01 2.588465939999999854e-01 2.790913640000000084e-01
7.510658119999998883e-01 3.142972400000000333e-01 2.287675960000000175e-01 2.637276179999999970e-01 3.135360139999999740e-01 0.000000000000000000e+00 1.352286719999999942e-01 2.585323940000000542e-01 2.156156760000000061e-01 2.285815120000000145e-01 1.915183980000000064e-01 1.956172260000000052e-01 2.784979399999999439e-01 2.280504379999999942e-01 1.939431660000000002e-01 1.477949459999999826e-01 1.748177259999999789e-01 2.996707159999999481e-01 1.855572840000000168e-01 2.034474280000000412e-01 1.648574620000000102e-01 1.380064200000000185e-01
2.269487960000000082e-01 2.322662620000000011e-01 4.773026559999999918e-01 2.288169559999999603e-01 3.275694459999999864e-01 1.352286719999999942e-01 0.000000000000000000e+00 1.994595199999999735e-01 2.278803319999999633e-01 3.739239220000000197e-01 5.368264240000000243e-01 1.789227499999999915e-01 4.852708079999999979e-01 1.588696039999999976e-01 4.584926500000000016e-01 3.307390639999999715e-01 3.170634940000000013e-01 2.634583879999999878e-01 4.510375400000000146e-01 4.629030959999999584e-01 4.855829800000000529e-01 4.212052319999999850e-01
2.273375820000000103e-01 3.039038319999999849e-01 3.030793079999999917e-01 5.925066900000001135e-01 3.136275299999999877e-01 2.585323940000000542e-01 1.994595199999999735e-01 0.000000000000000000e+00 4.531527379999999994e-01 2.520673199999999836e-01 2.431588839999999918e-01 6.153460720000000217e-01 2.710499619999999776e-01 5.057812299999999706e-01 2.381784500000000138e-01 1.984967499999999718e-01 2.367707260000000424e-01 2.234195920000000002e-01 2.263331619999999766e-01 2.625596639999999704e-01 2.577259680000000275e-01 5.347070979999999363e-01
2.506516140000000226e-01 1.781160999999999994e-01 2.851067199999999802e-01 5.104056040000000127e-01 1.493780739999999996e-01 2.156156760000000061e-01 2.278803319999999633e-01 4.531527379999999994e-01 0.000000000000000000e+00 3.723450739999999981e-01 2.725564260000000183e-01 4.548371339999999208e-01 2.887624039999999725e-01 3.519740319999999922e-01 2.196446200000000126e-01 2.825959140000000036e-01 2.539226399999999773e-01 2.536549700000000351e-01 2.778350439999999755e-01 1.564487719999999860e-01 2.600412120000000216e-01 3.466275040000000307e-01
3.037790880000000304e-01 1.582601800000000003e-01 5.226684020000000874e-01 2.737918179999999646e-01 2.053018720000000241e-01 2.285815120000000145e-01 3.739239220000000197e-01 2.520673199999999836e-01 3.723450739999999981e-01 0.000000000000000000e+00 5.424672580000000632e-01 3.122580899999999882e-01 6.298231839999999249e-01 2.789199720000000160e-01 2.825938060000000585e-01 2.176395720000000034e-01 2.563844040000000102e-01 1.761925199999999914e-01 3.265026580000000012e-01 2.689387380000000105e-01 5.989854940000000072e-01 3.712285379999999968e-01
2.826217420000000091e-01 1.989831999999999990e-01 7.813360560000001120e-01 1.131020560000000064e-01 2.946803500000000353e-01 1.915183980000000064e-01 5.368264240000000243e-01 2.431588839999999918e-01 2.725564260000000183e-01 5.424672580000000632e-01 0.000000000000000000e+00 1.676290399999999792e-01 8.298826360000000069e-01 2.502610339999999933e-01 3.586978219999999995e-01 3.581369280000000210e-01 3.377887920000000044e-01 2.963368140000000039e-01 4.321207080000000755e-01 3.403486580000000261e-01 7.646423600000000764e-01 5.071935539999999909e-01
2.404011220000000226e-01 1.983751400000000054e-01 2.684221160000000439e-01 6.608073100000000366e-01 1.415205499999999950e-01 1.956172260000000052e-01 1.789227499999999915e-01 6.153460720000000217e-01 4.548371339999999208e-01 3.122580899999999882e-01 1.676290399999999792e-01 0.000000000000000000e+00 1.957446059999999877e-01 4.615109580000000267e-01 2.383380920000000014e-01 2.413453459999999884e-01 2.804266200000000153e-01 2.170162659999999855e-01 2.448762180000000066e-01 2.502408479999999602e-01 1.946689380000000136e-01 3.874400960000000116e-01
4.048246299999999631e-01 1.861988059999999945e-01 7.494184200000000295e-01 2.241189160000000291e-01 2.117968580000000323e-01 2.784979399999999439e-01 4.852708079999999979e-01 2.710499619999999776e-01 2.887624039999999725e-01 6.298231839999999249e-01 8.298826360000000069e-01 1.957446059999999877e-01 0.000000000000000000e+00 2.527525160000000382e-01 3.881260460000000023e-01 3.633146900000000512e-01 3.243563740000000029e-01 2.710331980000000307e-01 3.986860280000000256e-01 3.329485959999999856e-01 7.674680160000000306e-01 4.231595920000000288e-01
2.806448500000000013e-01 3.343581499999999651e-01 2.466165799999999741e-01 5.031768339999999062e-01 2.487816939999999977e-01 2.280504379999999942e-01 1.588696039999999976e-01 5.057812299999999706e-01 3.519740319999999922e-01 2.789199720000000160e-01 2.502610339999999933e-01 4.615109580000000267e-01 2.527525160000000382e-01 0.000000000000000000e+00 2.078033340000000062e-01 2.066071920000000228e-01 3.239973440000000204e-01 2.426667819999999975e-01 3.146111040000000303e-01 1.832308559999999698e-01 2.339869000000000254e-01 3.723316939999999908e-01
2.200089460000000108e-01 2.463625559999999548e-01 3.292005339999999891e-01 3.043394540000000648e-01 3.132827380000000050e-01 1.939431660000000002e-01 4.584926500000000016e-01 2.381784500000000138e-01 2.196446200000000126e-01 2.825938060000000585e-01 3.586978219999999995e-01 2.383380920000000014e-01 3.881260460000000023e-01 2.078033340000000062e-01 0.000000000000000000e+00 4.073854000000000086e-01 5.946896240000000278e-01 3.168884980000000184e-01 6.044925799999999461e-01 5.234610020000000086e-01 3.739838620000000557e-01 3.298770659999999966e-01
2.394329920000000111e-01 1.608918779999999882e-01 3.560017839999999323e-01 2.443592400000000053e-01 2.008024899999999724e-01 1.477949459999999826e-01 3.307390639999999715e-01 1.984967499999999718e-01 2.825959140000000036e-01 2.176395720000000034e-01 3.581369280000000210e-01 2.413453459999999884e-01 3.633146900000000512e-01 2.066071920000000228e-01 4.073854000000000086e-01 0.000000000000000000e+00 3.732978340000000506e-01 4.898559699999999739e-01 5.236110419999999710e-01 4.322721299999999767e-01 3.928845599999999938e-01 2.914031619999999934e-01
1.644189699999999976e-01 1.556375980000000159e-01 3.015789399999999620e-01 2.949742639999999860e-01 2.555113820000000091e-01 1.748177259999999789e-01 3.170634940000000013e-01 2.367707260000000424e-01 2.539226399999999773e-01 2.563844040000000102e-01 3.377887920000000044e-01 2.804266200000000153e-01 3.243563740000000029e-01 3.239973440000000204e-01 5.946896240000000278e-01 3.732978340000000506e-01 0.000000000000000000e+00 3.169074159999999418e-01 7.959872040000000037e-01 3.355092960000000124e-01 3.711201380000000438e-01 3.780766560000000664e-01
3.084977439999999627e-01 1.893873819999999930e-01 2.354592140000000278e-01 2.679119799999999940e-01 2.347037020000000140e-01 2.996707159999999481e-01 2.634583879999999878e-01 2.234195920000000002e-01 2.536549700000000351e-01 1.761925199999999914e-01 2.963368140000000039e-01 2.170162659999999855e-01 2.710331980000000307e-01 2.426667819999999975e-01 3.168884980000000184e-01 4.898559699999999739e-01 3.169074159999999418e-01 0.000000000000000000e+00 2.949973699999999810e-01 6.903788160000001728e-01 2.870078160000000267e-01 3.294586099999999851e-01
2.165322200000000252e-01 1.928111640000000071e-01 3.574393280000000006e-01 2.666641200000000045e-01 2.490430060000000390e-01 1.855572840000000168e-01 4.510375400000000146e-01 2.263331619999999766e-01 2.778350439999999755e-01 3.265026580000000012e-01 4.321207080000000755e-01 2.448762180000000066e-01 3.986860280000000256e-01 3.146111040000000303e-01 6.044925799999999461e-01 5.236110419999999710e-01 7.959872040000000037e-01 2.949973699999999810e-01 0.000000000000000000e+00 3.667392459999999632e-01 4.172301360000000292e-01 3.380387340000000074e-01
2.516596819999999957e-01 2.116445899999999936e-01 2.609746000000000010e-01 3.155033299999999707e-01 3.216690619999999501e-01 2.034474280000000412e-01 4.629030959999999584e-01 2.625596639999999704e-01 1.564487719999999860e-01 2.689387380000000105e-01 3.403486580000000261e-01 2.502408479999999602e-01 3.329485959999999856e-01 1.832308559999999698e-01 5.234610020000000086e-01 4.322721299999999767e-01 3.355092960000000124e-01 6.903788160000001728e-01 3.667392459999999632e-01 0.000000000000000000e+00 3.102068580000000297e-01 2.731816999999999718e-01
2.957731660000000318e-01 1.941256700000000279e-01 7.952530499999999059e-01 1.564056359999999868e-01 2.588465939999999854e-01 1.648574620000000102e-01 4.855829800000000529e-01 2.577259680000000275e-01 2.600412120000000216e-01 5.989854940000000072e-01 7.646423600000000764e-01 1.946689380000000136e-01 7.674680160000000306e-01 2.339869000000000254e-01 3.739838620000000557e-01 3.928845599999999938e-01 3.711201380000000438e-01 2.870078160000000267e-01 4.172301360000000292e-01 3.102068580000000297e-01 0.000000000000000000e+00 5.549928420000000973e-01
1.591350979999999748e-01 2.930970259999999827e-01 4.922843040000000059e-01 4.082619080000000622e-01 2.790913640000000084e-01 1.380064200000000185e-01 4.212052319999999850e-01 5.347070979999999363e-01 3.466275040000000307e-01 3.712285379999999968e-01 5.071935539999999909e-01 3.874400960000000116e-01 4.231595920000000288e-01 3.723316939999999908e-01 3.298770659999999966e-01 2.914031619999999934e-01 3.780766560000000664e-01 3.294586099999999851e-01 3.380387340000000074e-01 2.731816999999999718e-01 5.549928420000000973e-01 0.000000000000000000e+00
