0.000000000000000000e+00 2.025552379999999708e-01 3.258181380000000349e-01 3.007017240000000036e-01 3.221181640000000401e-01 7.047819980000000761e-01 3.127310880000000459e-01 3.151468499999999784e-01 3.477554619999999597e-01 2.625036800000000170e-01 3.322827059999999832e-01 3.077440439999999944e-01 2.834374679999999702e-01 2.359796380000000193e-01 1.958323280000000000e-01 3.357151740000000051e-01 2.024641400000000147e-01 2.241706320000000086e-01 1.958339700000000239e-01 1.519661079999999886e-01 2.435451299999999986e-01 3.426681400000000099e-01
2.025552379999999708e-01 0.000000000000000000e+00 3.114428320000000583e-01 2.306599779999999877e-01 5.350972560000000211e-01 2.065464800000000045e-01 2.539775519999999953e-01 2.289199980000000134e-01 2.158895919999999913e-01 3.101095079999999782e-01 3.479613999999999763e-01 1.671515080000000042e-01 2.719982040000000212e-01 2.211593820000000155e-01 2.453405920000000240e-01 1.697986380000000017e-01 1.729660080000000044e-01 2.779672999999999727e-01 1.710764620000000125e-01 2.074343660000000367e-01 2.953734640000000300e-01 2.979258979999999668e-01
3.258181380000000349e-01 3.114428320000000583e-01 0.000000000000000000e+00 3.039620499999999836e-01 2.958595459999999733e-01 2.980028259999999429e-01 5.765226460000000275e-01 2.573174139999999666e-01 3.785225019999999829e-01 6.021794160000000229e-01 7.824280180000000584e-01 2.399994380000000371e-01 8.006661139999999843e-01 2.341851499999999808e-01 3.373091360000000094e-01 3.268391139999999861e-01 2.206579979999999941e-01 2.485088000000000297e-01 2.860919740000000266e-01 2.970120880000000074e-01 7.937980540000000307e-01 4.030135359999998945e-01
3.007017240000000036e-01 2.306599779999999877e-01 3.039620499999999836e-01 0.000000000000000000e+00 1.840759839999999981e-01 2.583519739999999842e-01 2.623670120000000106e-01 5.096095760000000086e-01 5.184749239999999482e-01 2.386699039999999883e-01 2.546523980000000020e-01 5.925811239999999591e-01 2.928878659999999967e-01 5.772206939999999786e-01 2.299061620000000250e-01 3.511687840000000116e-01 3.315379940000000025e-01 2.093831700000000073e-01 3.678784019999999932e-01 2.745982920000000216e-01 2.902448479999999997e-01 5.329550579999999815e-01
3.221181640000000401e-01 5.350972560000000211e-01 2.958595459999999733e-01 1.840759839999999981e-01 0.000000000000000000e+00 3.335992280000000254e-01 2.021825520000000154e-01 2.114305479999999959e-01 1.787826359999999948e-01 2.084953039999999924e-01 2.672506620000000277e-01 2.197469739999999838e-01 2.263384639999999892e-01 1.947097279999999986e-01 1.084907819999999939e-01 2.587097219999999753e-01 2.216178199999999932e-01 1.894822399999999685e-01 2.516859919999999695e-01 1.785016339999999924e-01 2.176941059999999983e-01 2.168808620000000076e-01
7.047819980000000761e-01 2.065464800000000045e-01 2.980028259999999429e-01 2.583519739999999842e-01 3.335992280000000254e-01 0.000000000000000000e+00 2.984559419999999741e-01 3.270113159999999963e-01 4.111784419999999218e-01 2.325325220000000193e-01 2.431839259999999947e-01 2.820923939999999686e-01 2.190903580000000128e-01 2.518100019999999772e-01 2.215732880000000071e-01 2.563441419999999971e-01 1.626194980000000012e-01 2.572298000000000084e-01 1.906550759999999789e-01 1.535512519999999714e-01 2.213877320000000037e-01 2.523047420000000263e-01
3.127310880000000459e-01 2.539775519999999953e-01 5.765226460000000275e-01 2.623670120000000106e-01 2.021825520000000154e-01 2.984559419999999741e-01 0.000000000000000000e+00 2.371137379999999906e-01 3.249118460000000042e-01 4.382080220000000859e-01 5.399616600000000100e-01 1.973769219999999824e-01 5.000616039999999929e-01 2.172536580000000161e-01 4.836295299999999742e-01 4.074665359999999903e-01 3.941298160000000217e-01 2.752788860000000004e-01 4.854244540000000052e-01 3.543103939999999730e-01 5.570423639999999565e-01 3.321993140000000233e-01
3.151468499999999784e-01 2.289199980000000134e-01 2.573174139999999666e-01 5.096095760000000086e-01 2.114305479999999959e-01 3.270113159999999963e-01 2.371137379999999906e-01 0.000000000000000000e+00 4.435061900000000223e-01 3.475480700000000422e-01 1.709016259999999732e-01 6.478563859999999508e-01 2.594911480000000603e-01 4.943820559999999587e-01 3.233261820000000175e-01 2.810886700000000404e-01 2.857223959999999896e-01 1.711554799999999987e-01 3.555926960000000414e-01 3.269918239999999865e-01 2.659420960000000167e-01 4.676514420000000283e-01
3.477554619999999597e-01 2.158895919999999913e-01 3.785225019999999829e-01 5.184749239999999482e-01 1.787826359999999948e-01 4.111784419999999218e-01 3.249118460000000042e-01 4.435061900000000223e-01 0.000000000000000000e+00 1.879574660000000175e-01 3.246392319999999998e-01 4.158839040000000264e-01 3.421385479999999868e-01 5.297486820000000263e-01 2.939800360000000556e-01 2.800635900000000289e-01 2.544854900000000364e-01 2.647455240000000098e-01 3.359553979999999607e-01 2.512683759999999600e-01 3.220498359999999782e-01 3.627496299999999896e-01
2.625036800000000170e-01 3.101095079999999782e-01 6.021794160000000229e-01 2.386699039999999883e-01 2.084953039999999924e-01 2.325325220000000193e-01 4.382080220000000859e-01 3.475480700000000422e-01 1.879574660000000175e-01 0.000000000000000000e+00 6.135457779999999861e-01 3.899102520000000127e-01 6.988824759999999747e-01 3.372192619999999641e-01 2.270695580000000047e-01 2.102882200000000257e-01 3.023675639999999776e-01 2.640261059999999826e-01 3.200206159999999800e-01 2.946171899999999733e-01 6.656705199999999323e-01 3.150815299999999430e-01
3.322827059999999832e-01 3.479613999999999763e-01 7.824280180000000584e-01 2.546523980000000020e-01 2.672506620000000277e-01 2.431839259999999947e-01 5.399616600000000100e-01 1.709016259999999732e-01 3.246392319999999998e-01 6.135457779999999861e-01 0.000000000000000000e+00 2.362553699999999923e-01 8.047965919999999773e-01 2.813019920000000007e-01 3.668408739999999280e-01 3.305959800000000115e-01 2.292171599999999754e-01 2.142823160000000282e-01 2.391784160000000325e-01 2.941701199999999794e-01 7.555221819999999866e-01 4.737616599999999734e-01
3.077440439999999944e-01 1.671515080000000042e-01 2.399994380000000371e-01 5.925811239999999591e-01 2.197469739999999838e-01 2.820923939999999686e-01 1.973769219999999824e-01 6.478563859999999508e-01 4.158839040000000264e-01 3.899102520000000127e-01 2.362553699999999923e-01 0.000000000000000000e+00 2.965161520000000328e-01 5.621109160000000715e-01 2.555771499999999752e-01 2.327047260000000006e-01 2.826463499999999907e-01 2.006748780000000010e-01 3.284136260000000140e-01 2.298011519999999808e-01 3.099036579999999708e-01 4.072390419999999400e-01
2.834374679999999702e-01 2.719982040000000212e-01 8.006661139999999843e-01 2.928878659999999967e-01 2.263384639999999892e-01 2.190903580000000128e-01 5.000616039999999929e-01 2.594911480000000603e-01 3.421385479999999868e-01 6.988824759999999747e-01 8.047965919999999773e-01 2.965161520000000328e-01 0.000000000000000000e+00 2.680654960000000142e-01 3.549754379999999765e-01 3.194463939999999669e-01 1.806479760000000157e-01 2.187634140000000171e-01 2.344155379999999789e-01 2.257994639999999775e-01 8.692847959999999707e-01 4.379439840000000084e-01
2.359796380000000193e-01 2.211593820000000155e-01 2.341851499999999808e-01 5.772206939999999786e-01 1.947097279999999986e-01 2.518100019999999772e-01 2.172536580000000161e-01 4.943820559999999587e-01 5.297486820000000263e-01 3.372192619999999641e-01 2.813019920000000007e-01 5.621109160000000715e-01 2.680654960000000142e-01 0.000000000000000000e+00 3.202469799999999589e-01 3.521929019999999744e-01 2.486031439999999981e-01 2.842921039999999899e-01 2.752916600000000491e-01 2.707255199999999973e-01 2.618960559999999882e-01 3.683213020000000171e-01
1.958323280000000000e-01 2.453405920000000240e-01 3.373091360000000094e-01 2.299061620000000250e-01 1.084907819999999939e-01 2.215732880000000071e-01 4.836295299999999742e-01 3.233261820000000175e-01 2.939800360000000556e-01 2.270695580000000047e-01 3.668408739999999280e-01 2.555771499999999752e-01 3.549754379999999765e-01 3.202469799999999589e-01 0.000000000000000000e+00 3.599203519999999434e-01 3.399567700000000192e-01 3.671641680000000130e-01 3.224280179999999829e-01 5.909117539999999558e-01 3.223088120000000001e-01 2.472022959999999880e-01
3.357151740000000051e-01 1.697986380000000017e-01 3.268391139999999861e-01 3.511687840000000116e-01 2.587097219999999753e-01 2.563441419999999971e-01 4.074665359999999903e-01 2.810886700000000404e-01 2.800635900000000289e-01 2.102882200000000257e-01 3.305959800000000115e-01 2.327047260000000006e-01 3.194463939999999669e-01 3.521929019999999744e-01 3.599203519999999434e-01 0.000000000000000000e+00 4.233342800000000072e-01 4.076258160000000297e-01 5.248255419999999782e-01 3.129788679999999657e-01 3.429630700000000365e-01 3.644108480000000094e-01
2.024641400000000147e-01 1.729660080000000044e-01 2.206579979999999941e-01 3.315379940000000025e-01 2.216178199999999932e-01 1.626194980000000012e-01 3.941298160000000217e-01 2.857223959999999896e-01 2.544854900000000364e-01 3.023675639999999776e-01 2.292171599999999754e-01 2.826463499999999907e-01 1.806479760000000157e-01 2.486031439999999981e-01 3.399567700000000192e-01 4.233342800000000072e-01 0.000000000000000000e+00 2.259508359999999882e-01 8.514427639999999631e-01 3.044426700000000263e-01 2.082331219999999927e-01 2.268901500000000127e-01
2.241706320000000086e-01 2.779672999999999727e-01 2.485088000000000297e-01 2.093831700000000073e-01 1.894822399999999685e-01 2.572298000000000084e-01 2.752788860000000004e-01 1.711554799999999987e-01 2.647455240000000098e-01 2.640261059999999826e-01 2.142823160000000282e-01 2.006748780000000010e-01 2.187634140000000171e-01 2.842921039999999899e-01 3.671641680000000130e-01 4.076258160000000297e-01 2.259508359999999882e-01 0.000000000000000000e+00 2.267240160000000004e-01 6.259633819999999016e-01 2.615371739999999834e-01 2.151137239999999784e-01
1.958339700000000239e-01 1.710764620000000125e-01 2.860919740000000266e-01 3.678784019999999932e-01 2.516859919999999695e-01 1.906550759999999789e-01 4.854244540000000052e-01 3.555926960000000414e-01 3.359553979999999607e-01 3.200206159999999800e-01 2.391784160000000325e-01 3.284136260000000140e-01 2.344155379999999789e-01 2.752916600000000491e-01 3.224280179999999829e-01 5.248255419999999782e-01 8.514427639999999631e-01 2.267240160000000004e-01 0.000000000000000000e+00 2.981420179999999531e-01 2.680335060000000325e-01 2.169251879999999910e-01
1.519661079999999886e-01 2.074343660000000367e-01 2.970120880000000074e-01 2.745982920000000216e-01 1.785016339999999924e-01 1.535512519999999714e-01 3.543103939999999730e-01 3.269918239999999865e-01 2.512683759999999600e-01 2.946171899999999733e-01 2.941701199999999794e-01 2.298011519999999808e-01 2.257994639999999775e-01 2.707255199999999973e-01 5.909117539999999558e-01 3.129788679999999657e-01 3.044426700000000263e-01 6.259633819999999016e-01 2.981420179999999531e-01 0.000000000000000000e+00 2.257123480000000071e-01 1.869207020000000219e-01
2.435451299999999986e-01 2.953734640000000300e-01 7.937980540000000307e-01 2.902448479999999997e-01 2.176941059999999983e-01 2.213877320000000037e-01 5.570423639999999565e-01 2.659420960000000167e-01 3.220498359999999782e-01 6.656705199999999323e-01 7.555221819999999866e-01 3.099036579999999708e-01 8.692847959999999707e-01 2.618960559999999882e-01 3.223088120000000001e-01 3.429630700000000365e-01 2.082331219999999927e-01 2.615371739999999834e-01 2.680335060000000325e-01 2.257123480000000071e-01 0.000000000000000000e+00 4.683370299999999875e-01
3.426681400000000099e-01 2.979258979999999668e-01 4.030135359999998945e-01 5.329550579999999815e-01 2.168808620000000076e-01 2.523047420000000263e-01 3.321993140000000233e-01 4.676514420000000283e-01 3.627496299999999896e-01 3.150815299999999430e-01 4.737616599999999734e-01 4.072390419999999400e-01 4.379439840000000084e-01 3.683213020000000171e-01 2.472022959999999880e-01 3.644108480000000094e-01 2.268901500000000127e-01 2.151137239999999784e-01 2.169251879999999910e-01 1.869207020000000219e-01 4.683370299999999875e-01 0.000000000000000000e+00
