0.000000000000000000e+00 7.251712520000000994e-01 5.184265079999998971e-01 5.514460580000000167e-01 7.623134800000000988e-01 9.206273420000000707e-01 9.012250399999999217e-02 1.312688379999999988e-01 1.975408120000000101e-01 1.745858359999999943e-01 1.724440159999999778e-01 1.204172940000000080e-01 2.021993499999999722e-01 1.641418020000000033e-01 1.122539039999999877e-01 8.823854600000000103e-02 1.099330039999999870e-01 7.965038800000000252e-02 1.057387919999999981e-01 1.022456080000000017e-01 2.194439680000000448e-01 1.577181480000000025e-01
7.251712520000000994e-01 0.000000000000000000e+00 5.495719700000000207e-01 4.747853839999999215e-01 8.480334800000000062e-01 7.056544060000000673e-01 6.984922600000001425e-02 1.141721360000000074e-01 1.714919800000000161e-01 1.476004179999999832e-01 1.684635260000000023e-01 9.828755000000000130e-02 1.889912340000000079e-01 1.181654519999999903e-01 9.823278399999998967e-02 8.086915800000001042e-02 5.848195800000000055e-02 9.089172399999999319e-02 7.012409399999999793e-02 9.622695200000000448e-02 1.989052619999999716e-01 1.416565300000000027e-01
5.184265079999998971e-01 5.495719700000000207e-01 0.000000000000000000e+00 6.006738839999999913e-01 5.773462140000000797e-01 5.118666199999999389e-01 4.228003240000000607e-01 3.335226619999999698e-01 5.762794459999999175e-01 4.398965639999999899e-01 6.692453200000001434e-01 2.987009620000000143e-01 6.597537340000000361e-01 3.238100760000000022e-01 2.253550360000000086e-01 1.625009980000000076e-01 1.052901819999999961e-01 5.755195600000000133e-02 1.029548240000000003e-01 1.913696560000000269e-01 6.340492779999999939e-01 5.315802620000000811e-01
5.514460580000000167e-01 4.747853839999999215e-01 6.006738839999999913e-01 0.000000000000000000e+00 5.037811420000000151e-01 5.364806899999999823e-01 3.451988859999999826e-01 5.201541659999999734e-01 5.329837939999999552e-01 6.142473880000000053e-01 4.224673319999999732e-01 5.725343979999999444e-01 4.234791800000000106e-01 5.726105860000000325e-01 1.765552739999999843e-01 2.165252160000000203e-01 7.000614800000000415e-02 8.370299200000000384e-02 1.008619899999999986e-01 1.828717960000000031e-01 5.188354399999999256e-01 5.678562740000000497e-01
7.623134800000000988e-01 8.480334800000000062e-01 5.773462140000000797e-01 5.037811420000000151e-01 0.000000000000000000e+00 7.671198080000000141e-01 9.307171599999999878e-02 1.223007939999999766e-01 1.941274000000000055e-01 1.631739059999999797e-01 1.860479300000000003e-01 1.158618479999999895e-01 2.092788839999999984e-01 1.373512800000000200e-01 1.140892039999999719e-01 7.933443999999999219e-02 6.752049000000000245e-02 8.231573999999999836e-02 7.559066600000000080e-02 7.454108799999999146e-02 2.129528060000000222e-01 1.525939099999999993e-01
9.206273420000000707e-01 7.056544060000000673e-01 5.118666199999999389e-01 5.364806899999999823e-01 7.671198080000000141e-01 0.000000000000000000e+00 7.627843600000000501e-02 1.237931259999999895e-01 1.843384140000000060e-01 1.657023019999999958e-01 1.639231179999999788e-01 1.287207720000000111e-01 1.880294340000000231e-01 1.629189139999999703e-01 1.045228859999999954e-01 8.620044400000000107e-02 1.087271799999999927e-01 8.271185200000000237e-02 1.124880759999999924e-01 9.575783800000001178e-02 2.013955000000000051e-01 1.412262599999999924e-01
9.012250399999999217e-02 6.984922600000001425e-02 4.228003240000000607e-01 3.451988859999999826e-01 9.307171599999999878e-02 7.627843600000000501e-02 0.000000000000000000e+00 5.165129220000000965e-01 5.051721399999999917e-01 4.503184439999999844e-01 5.163065599999999700e-01 3.348313440000000307e-01 4.628250120000000356e-01 3.213252599999999459e-01 6.364195260000000687e-01 3.527147819999999490e-01 2.389880439999999828e-01 1.863528319999999960e-01 2.595222719999999983e-01 4.816615559999999907e-01 4.824867559999999611e-01 4.994020520000000407e-01
1.312688379999999988e-01 1.141721360000000074e-01 3.335226619999999698e-01 5.201541659999999734e-01 1.223007939999999766e-01 1.237931259999999895e-01 5.165129220000000965e-01 0.000000000000000000e+00 5.048239740000000086e-01 5.898935900000000787e-01 4.006017059999999463e-01 6.288275480000000695e-01 3.765485520000000363e-01 5.308586720000000314e-01 1.690749579999999974e-01 5.124601560000000555e-01 1.435389720000000147e-01 1.832449920000000232e-01 2.561540520000000209e-01 3.678107380000000259e-01 4.709509880000000703e-01 5.828765179999999546e-01
1.975408120000000101e-01 1.714919800000000161e-01 5.762794459999999175e-01 5.329837939999999552e-01 1.941274000000000055e-01 1.843384140000000060e-01 5.051721399999999917e-01 5.048239740000000086e-01 0.000000000000000000e+00 5.489273320000001011e-01 6.261204160000000130e-01 4.792135579999999839e-01 7.297814820000000369e-01 4.667179959999999683e-01 2.319656580000000190e-01 2.132225320000000202e-01 1.211858180000000146e-01 1.261919920000000028e-01 1.614590419999999971e-01 2.879940939999999783e-01 6.770873979999999515e-01 6.633310559999999745e-01
1.745858359999999943e-01 1.476004179999999832e-01 4.398965639999999899e-01 6.142473880000000053e-01 1.631739059999999797e-01 1.657023019999999958e-01 4.503184439999999844e-01 5.898935900000000787e-01 5.489273320000001011e-01 0.000000000000000000e+00 5.131785099999999211e-01 6.475494640000000190e-01 4.801667099999999411e-01 7.356537939999999720e-01 1.741305740000000102e-01 2.620064579999999976e-01 1.354010219999999820e-01 1.104151379999999960e-01 1.751832600000000073e-01 2.772016800000000059e-01 6.050362799999999819e-01 6.536999920000000630e-01
1.724440159999999778e-01 1.684635260000000023e-01 6.692453200000001434e-01 4.224673319999999732e-01 1.860479300000000003e-01 1.639231179999999788e-01 5.163065599999999700e-01 4.006017059999999463e-01 6.261204160000000130e-01 5.131785099999999211e-01 0.000000000000000000e+00 3.250019599999999786e-01 7.746324540000000258e-01 3.188089339999999883e-01 2.096277800000000135e-01 1.826818539999999769e-01 1.570550880000000094e-01 1.155687139999999891e-01 1.689351119999999984e-01 2.537997479999999362e-01 7.413908520000001001e-01 6.440315680000001652e-01
1.204172940000000080e-01 9.828755000000000130e-02 2.987009620000000143e-01 5.725343979999999444e-01 1.158618479999999895e-01 1.287207720000000111e-01 3.348313440000000307e-01 6.288275480000000695e-01 4.792135579999999839e-01 6.475494640000000190e-01 3.250019599999999786e-01 0.000000000000000000e+00 3.454959880000000316e-01 6.986755139999999420e-01 1.281286559999999797e-01 2.340738880000000077e-01 1.226212339999999956e-01 8.287009800000000315e-02 1.697188580000000280e-01 2.596850419999999771e-01 4.422738759999999547e-01 5.875959459999998691e-01
2.021993499999999722e-01 1.889912340000000079e-01 6.597537340000000361e-01 4.234791800000000106e-01 2.092788839999999984e-01 1.880294340000000231e-01 4.628250120000000356e-01 3.765485520000000363e-01 7.297814820000000369e-01 4.801667099999999411e-01 7.746324540000000258e-01 3.454959880000000316e-01 0.000000000000000000e+00 3.137785599999999842e-01 2.069227859999999697e-01 1.611791699999999827e-01 1.449553739999999702e-01 1.227654720000000144e-01 1.493638939999999971e-01 2.439336840000000117e-01 7.142352819999999713e-01 5.943931719999999697e-01
1.641418020000000033e-01 1.181654519999999903e-01 3.238100760000000022e-01 5.726105860000000325e-01 1.373512800000000200e-01 1.629189139999999703e-01 3.213252599999999459e-01 5.308586720000000314e-01 4.667179959999999683e-01 7.356537939999999720e-01 3.188089339999999883e-01 6.986755139999999420e-01 3.137785599999999842e-01 0.000000000000000000e+00 1.398125199999999957e-01 1.902198620000000173e-01 1.160803360000000062e-01 7.379990799999999740e-02 1.462517939999999905e-01 2.148744260000000073e-01 4.077014340000000847e-01 5.402178400000000602e-01
1.122539039999999877e-01 9.823278399999998967e-02 2.253550360000000086e-01 1.765552739999999843e-01 1.140892039999999719e-01 1.045228859999999954e-01 6.364195260000000687e-01 1.690749579999999974e-01 2.319656580000000190e-01 1.741305740000000102e-01 2.096277800000000135e-01 1.281286559999999797e-01 2.069227859999999697e-01 1.398125199999999957e-01 0.000000000000000000e+00 2.044900440000000097e-01 1.295512280000000183e-01 2.386648060000000071e-01 1.256398799999999816e-01 2.942098160000000129e-01 1.990118040000000144e-01 1.864304199999999856e-01
8.823854600000000103e-02 8.086915800000001042e-02 1.625009980000000076e-01 2.165252160000000203e-01 7.933443999999999219e-02 8.620044400000000107e-02 3.527147819999999490e-01 5.124601560000000555e-01 2.132225320000000202e-01 2.620064579999999976e-01 1.826818539999999769e-01 2.340738880000000077e-01 1.611791699999999827e-01 1.902198620000000173e-01 2.044900440000000097e-01 0.000000000000000000e+00 1.117592460000000065e-01 1.227565860000000147e-01 1.555829960000000012e-01 2.201242279999999774e-01 1.813064040000000043e-01 2.103552599999999884e-01
1.099330039999999870e-01 5.848195800000000055e-02 1.052901819999999961e-01 7.000614800000000415e-02 6.752049000000000245e-02 1.087271799999999927e-01 2.389880439999999828e-01 1.435389720000000147e-01 1.211858180000000146e-01 1.354010219999999820e-01 1.570550880000000094e-01 1.226212339999999956e-01 1.449553739999999702e-01 1.160803360000000062e-01 1.295512280000000183e-01 1.117592460000000065e-01 0.000000000000000000e+00 1.500257299999999960e-01 8.892313539999999739e-01 2.559649179999999857e-01 1.362437639999999894e-01 1.380274200000000118e-01
7.965038800000000252e-02 9.089172399999999319e-02 5.755195600000000133e-02 8.370299200000000384e-02 8.231573999999999836e-02 8.271185200000000237e-02 1.863528319999999960e-01 1.832449920000000232e-01 1.261919920000000028e-01 1.104151379999999960e-01 1.155687139999999891e-01 8.287009800000000315e-02 1.227654720000000144e-01 7.379990799999999740e-02 2.386648060000000071e-01 1.227565860000000147e-01 1.500257299999999960e-01 0.000000000000000000e+00 1.823043799999999881e-01 6.456199479999999991e-01 1.434704900000000061e-01 1.373887179999999930e-01
1.057387919999999981e-01 7.012409399999999793e-02 1.029548240000000003e-01 1.008619899999999986e-01 7.559066600000000080e-02 1.124880759999999924e-01 2.595222719999999983e-01 2.561540520000000209e-01 1.614590419999999971e-01 1.751832600000000073e-01 1.689351119999999984e-01 1.697188580000000280e-01 1.493638939999999971e-01 1.462517939999999905e-01 1.256398799999999816e-01 1.555829960000000012e-01 8.892313539999999739e-01 1.823043799999999881e-01 0.000000000000000000e+00 2.728217720000000179e-01 1.491258299999999870e-01 1.871279040000000116e-01
1.022456080000000017e-01 9.622695200000000448e-02 1.913696560000000269e-01 1.828717960000000031e-01 7.454108799999999146e-02 9.575783800000001178e-02 4.816615559999999907e-01 3.678107380000000259e-01 2.879940939999999783e-01 2.772016800000000059e-01 2.537997479999999362e-01 2.596850419999999771e-01 2.439336840000000117e-01 2.148744260000000073e-01 2.942098160000000129e-01 2.201242279999999774e-01 2.559649179999999857e-01 6.456199479999999991e-01 2.728217720000000179e-01 0.000000000000000000e+00 2.672051819999999855e-01 3.151138319999999826e-01
2.194439680000000448e-01 1.989052619999999716e-01 6.340492779999999939e-01 5.188354399999999256e-01 2.129528060000000222e-01 2.013955000000000051e-01 4.824867559999999611e-01 4.709509880000000703e-01 6.770873979999999515e-01 6.050362799999999819e-01 7.413908520000001001e-01 4.422738759999999547e-01 7.142352819999999713e-01 4.077014340000000847e-01 1.990118040000000144e-01 1.813064040000000043e-01 1.362437639999999894e-01 1.434704900000000061e-01 1.491258299999999870e-01 2.672051819999999855e-01 0.000000000000000000e+00 7.455431220000000581e-01
1.577181480000000025e-01 1.416565300000000027e-01 5.315802620000000811e-01 5.678562740000000497e-01 1.525939099999999993e-01 1.412262599999999924e-01 4.994020520000000407e-01 5.828765179999999546e-01 6.633310559999999745e-01 6.536999920000000630e-01 6.440315680000001652e-01 5.875959459999998691e-01 5.943931719999999697e-01 5.402178400000000602e-01 1.864304199999999856e-01 2.103552599999999884e-01 1.380274200000000118e-01 1.373887179999999930e-01 1.871279040000000116e-01 3.151138319999999826e-01 7.455431220000000581e-01 0.000000000000000000e+00
