0.000000000000000000e+00 7.027806260000000194e-01 6.759275759999999744e-01 6.227326739999999861e-01 6.063307779999999036e-01 7.541105439999998827e-01 5.626623619999999715e-01 5.722678919999999447e-01 6.557312939999999646e-01 6.444067620000000218e-01 6.377229620000000043e-01 6.031115779999999260e-01 6.228178300000000167e-01 4.818912380000000550e-01 4.544360320000001008e-01 5.127257739999999675e-01 5.608993539999999056e-01 4.896514799999999168e-01 4.310037999999999370e-01 4.778715119999999983e-01 6.286724740000000367e-01 5.393033280000000262e-01
7.027806260000000194e-01 0.000000000000000000e+00 4.648835399999999285e-01 4.355179420000000468e-01 7.661026179999999020e-01 7.122758160000000061e-01 3.731545019999999435e-01 4.082602800000000309e-01 4.444193760000000326e-01 4.267380959999999557e-01 4.341225460000000536e-01 4.087360479999999074e-01 4.131826940000000725e-01 3.049078560000000326e-01 3.232848519999999559e-01 3.596200239999999826e-01 4.072366960000000091e-01 3.787609939999999620e-01 3.424276500000000278e-01 3.300954500000000680e-01 4.130273960000000466e-01 3.820290980000000114e-01
6.759275759999999744e-01 4.648835399999999285e-01 0.000000000000000000e+00 9.191306660000000406e-01 3.818934019999999929e-01 4.902390380000000158e-01 8.822053420000000035e-01 8.320982700000000287e-01 9.577192119999999864e-01 9.504770700000001460e-01 9.694982279999999619e-01 8.762914040000000515e-01 9.583555960000001983e-01 8.133258140000000358e-01 6.322512779999999166e-01 7.160256279999999141e-01 5.904973400000000927e-01 6.555580899999999822e-01 5.217437480000000072e-01 6.609653939999999839e-01 9.439582639999999358e-01 7.348881680000000083e-01
6.227326739999999861e-01 4.355179420000000468e-01 9.191306660000000406e-01 0.000000000000000000e+00 3.408696959999999998e-01 4.263703140000000280e-01 8.256377779999999333e-01 8.859546440000001244e-01 9.290618280000000340e-01 9.291306499999999469e-01 9.053662539999999259e-01 9.250008519999999290e-01 9.022088379999999574e-01 8.464552060000001266e-01 5.794826419999999922e-01 7.226774519999998869e-01 5.137832400000000854e-01 6.391821899999999834e-01 5.268740720000000266e-01 6.247480779999999845e-01 8.848387079999999738e-01 7.635152579999999745e-01
6.063307779999999036e-01 7.661026179999999020e-01 3.818934019999999929e-01 3.408696959999999998e-01 0.000000000000000000e+00 6.621903279999999947e-01 3.211120000000000085e-01 4.044126080000000067e-01 3.696579400000000182e-01 3.945679240000000143e-01 3.524622520000000314e-01 3.813507879999999961e-01 3.597312340000000108e-01 2.775575339999999946e-01 2.501247460000000089e-01 2.981549279999999857e-01 3.948772719999999459e-01 3.344501800000000413e-01 2.994434100000000210e-01 2.656400520000000154e-01 3.425588739999999577e-01 2.810559400000000041e-01
7.541105439999998827e-01 7.122758160000000061e-01 4.902390380000000158e-01 4.263703140000000280e-01 6.621903279999999947e-01 0.000000000000000000e+00 4.487724839999999160e-01 4.827955400000000230e-01 5.148649140000000068e-01 5.139928979999999203e-01 4.852389580000000535e-01 4.979604820000000376e-01 4.862836660000000033e-01 3.725807020000000414e-01 3.731246460000000043e-01 3.702543999999999835e-01 4.042806840000000013e-01 3.935345359999999904e-01 2.803374140000000070e-01 3.731977979999999695e-01 4.696583699999999917e-01 4.142492940000000456e-01
5.626623619999999715e-01 3.731545019999999435e-01 8.822053420000000035e-01 8.256377779999999333e-01 3.211120000000000085e-01 4.487724839999999160e-01 0.000000000000000000e+00 7.747451100000000146e-01 8.754707359999999161e-01 8.863769839999999789e-01 8.941282779999999430e-01 8.051259060000000023e-01 8.932322960000000922e-01 7.776498399999999256e-01 5.493060060000000133e-01 6.604876119999999462e-01 5.323129840000000446e-01 6.382457219999999598e-01 4.037959659999999507e-01 6.314917319999999723e-01 9.064579179999998626e-01 6.950213179999999991e-01
5.722678919999999447e-01 4.082602800000000309e-01 8.320982700000000287e-01 8.859546440000001244e-01 4.044126080000000067e-01 4.827955400000000230e-01 7.747451100000000146e-01 0.000000000000000000e+00 8.436330179999999013e-01 8.746160219999999930e-01 8.170505379999999374e-01 9.129642359999999845e-01 8.423449420000000964e-01 8.156768800000000486e-01 4.818202880000000410e-01 6.392746280000000114e-01 4.486906260000000368e-01 5.547337779999998997e-01 3.961652900000000033e-01 5.170161899999999866e-01 8.109909400000001600e-01 7.222283339999999718e-01
6.557312939999999646e-01 4.444193760000000326e-01 9.577192119999999864e-01 9.290618280000000340e-01 3.696579400000000182e-01 5.148649140000000068e-01 8.754707359999999161e-01 8.436330179999999013e-01 0.000000000000000000e+00 9.628499180000000823e-01 9.691825859999999571e-01 9.004416660000000849e-01 9.451469540000001501e-01 8.133912039999999788e-01 6.306946940000000001e-01 7.387127620000001338e-01 5.830396720000000643e-01 6.668972939999999738e-01 5.306382300000000996e-01 6.808505260000000670e-01 9.254711520000000746e-01 7.887551599999998997e-01
6.444067620000000218e-01 4.267380959999999557e-01 9.504770700000001460e-01 9.291306499999999469e-01 3.945679240000000143e-01 5.139928979999999203e-01 8.863769839999999789e-01 8.746160219999999930e-01 9.628499180000000823e-01 0.000000000000000000e+00 9.521330259999999379e-01 9.302846919999998576e-01 9.507302960000000303e-01 8.128157560000000004e-01 6.230517479999999608e-01 7.649103920000001056e-01 5.526670280000000046e-01 6.687491620000000081e-01 5.174271440000000055e-01 6.648784539999998966e-01 9.364620459999999369e-01 7.528544179999999697e-01
6.377229620000000043e-01 4.341225460000000536e-01 9.694982279999999619e-01 9.053662539999999259e-01 3.524622520000000314e-01 4.852389580000000535e-01 8.941282779999999430e-01 8.170505379999999374e-01 9.691825859999999571e-01 9.521330259999999379e-01 0.000000000000000000e+00 8.713362820000000175e-01 9.667239160000000719e-01 8.023193880000001332e-01 6.433914360000000388e-01 7.303527279999999511e-01 5.933719020000000066e-01 6.593910819999999617e-01 5.421074699999999247e-01 6.815241859999999763e-01 9.449341459999999193e-01 7.660953120000001393e-01
6.031115779999999260e-01 4.087360479999999074e-01 8.762914040000000515e-01 9.250008519999999290e-01 3.813507879999999961e-01 4.979604820000000376e-01 8.051259060000000023e-01 9.129642359999999845e-01 9.004416660000000849e-01 9.302846919999998576e-01 8.713362820000000175e-01 0.000000000000000000e+00 8.822480220000000761e-01 8.194203860000000006e-01 5.568912960000000911e-01 7.641035699999999542e-01 4.860409259999999843e-01 6.208851799999999255e-01 5.057151359999999540e-01 6.206324420000000064e-01 8.642566860000000517e-01 7.734897079999999425e-01
6.228178300000000167e-01 4.131826940000000725e-01 9.583555960000001983e-01 9.022088379999999574e-01 3.597312340000000108e-01 4.862836660000000033e-01 8.932322960000000922e-01 8.423449420000000964e-01 9.451469540000001501e-01 9.507302960000000303e-01 9.667239160000000719e-01 8.822480220000000761e-01 0.000000000000000000e+00 8.165857239999999573e-01 6.364986000000000255e-01 7.180791499999999994e-01 5.866618619999999229e-01 6.304867460000000978e-01 5.232507799999999154e-01 6.595434339999999285e-01 9.600577059999999552e-01 7.517750800000000400e-01
4.818912380000000550e-01 3.049078560000000326e-01 8.133258140000000358e-01 8.464552060000001266e-01 2.775575339999999946e-01 3.725807020000000414e-01 7.776498399999999256e-01 8.156768800000000486e-01 8.133912039999999788e-01 8.128157560000000004e-01 8.023193880000001332e-01 8.194203860000000006e-01 8.165857239999999573e-01 0.000000000000000000e+00 5.440880419999999384e-01 6.864733539999999801e-01 4.715606340000000896e-01 5.982613779999998993e-01 4.618922580000000555e-01 5.683062779999999981e-01 8.130831860000000688e-01 6.736855820000000605e-01
4.544360320000001008e-01 3.232848519999999559e-01 6.322512779999999166e-01 5.794826419999999922e-01 2.501247460000000089e-01 3.731246460000000043e-01 5.493060060000000133e-01 4.818202880000000410e-01 6.306946940000000001e-01 6.230517479999999608e-01 6.433914360000000388e-01 5.568912960000000911e-01 6.364986000000000255e-01 5.440880419999999384e-01 0.000000000000000000e+00 6.135012120000000735e-01 6.215296199999998938e-01 5.005326099999999334e-01 6.037389779999999817e-01 7.406705460000000407e-01 6.528062420000000365e-01 4.771802920000000059e-01
5.127257739999999675e-01 3.596200239999999826e-01 7.160256279999999141e-01 7.226774519999998869e-01 2.981549279999999857e-01 3.702543999999999835e-01 6.604876119999999462e-01 6.392746280000000114e-01 7.387127620000001338e-01 7.649103920000001056e-01 7.303527279999999511e-01 7.641035699999999542e-01 7.180791499999999994e-01 6.864733539999999801e-01 6.135012120000000735e-01 0.000000000000000000e+00 5.258410619999999147e-01 7.102113560000000714e-01 6.365699980000000258e-01 6.278086939999999450e-01 7.132425519999999741e-01 6.791207900000000297e-01
5.608993539999999056e-01 4.072366960000000091e-01 5.904973400000000927e-01 5.137832400000000854e-01 3.948772719999999459e-01 4.042806840000000013e-01 5.323129840000000446e-01 4.486906260000000368e-01 5.830396720000000643e-01 5.526670280000000046e-01 5.933719020000000066e-01 4.860409259999999843e-01 5.866618619999999229e-01 4.715606340000000896e-01 6.215296199999998938e-01 5.258410619999999147e-01 0.000000000000000000e+00 4.708082160000000016e-01 7.592639899999998887e-01 6.123890100000000114e-01 5.993738060000000090e-01 5.232922159999999767e-01
4.896514799999999168e-01 3.787609939999999620e-01 6.555580899999999822e-01 6.391821899999999834e-01 3.344501800000000413e-01 3.935345359999999904e-01 6.382457219999999598e-01 5.547337779999998997e-01 6.668972939999999738e-01 6.687491620000000081e-01 6.593910819999999617e-01 6.208851799999999255e-01 6.304867460000000978e-01 5.982613779999998993e-01 5.005326099999999334e-01 7.102113560000000714e-01 4.708082160000000016e-01 0.000000000000000000e+00 5.061545619999999746e-01 6.029877939999999104e-01 6.401485420000000426e-01 5.281180460000000076e-01
4.310037999999999370e-01 3.424276500000000278e-01 5.217437480000000072e-01 5.268740720000000266e-01 2.994434100000000210e-01 2.803374140000000070e-01 4.037959659999999507e-01 3.961652900000000033e-01 5.306382300000000996e-01 5.174271440000000055e-01 5.421074699999999247e-01 5.057151359999999540e-01 5.232507799999999154e-01 4.618922580000000555e-01 6.037389779999999817e-01 6.365699980000000258e-01 7.592639899999998887e-01 5.061545619999999746e-01 0.000000000000000000e+00 5.816624659999999336e-01 5.355521819999999877e-01 4.836624379999999723e-01
4.778715119999999983e-01 3.300954500000000680e-01 6.609653939999999839e-01 6.247480779999999845e-01 2.656400520000000154e-01 3.731977979999999695e-01 6.314917319999999723e-01 5.170161899999999866e-01 6.808505260000000670e-01 6.648784539999998966e-01 6.815241859999999763e-01 6.206324420000000064e-01 6.595434339999999285e-01 5.683062779999999981e-01 7.406705460000000407e-01 6.278086939999999450e-01 6.123890100000000114e-01 6.029877939999999104e-01 5.816624659999999336e-01 0.000000000000000000e+00 6.932706060000000114e-01 6.060540500000000108e-01
6.286724740000000367e-01 4.130273960000000466e-01 9.439582639999999358e-01 8.848387079999999738e-01 3.425588739999999577e-01 4.696583699999999917e-01 9.064579179999998626e-01 8.109909400000001600e-01 9.254711520000000746e-01 9.364620459999999369e-01 9.449341459999999193e-01 8.642566860000000517e-01 9.600577059999999552e-01 8.130831860000000688e-01 6.528062420000000365e-01 7.132425519999999741e-01 5.993738060000000090e-01 6.401485420000000426e-01 5.355521819999999877e-01 6.932706060000000114e-01 0.000000000000000000e+00 7.446736080000000424e-01
5.393033280000000262e-01 3.820290980000000114e-01 7.348881680000000083e-01 7.635152579999999745e-01 2.810559400000000041e-01 4.142492940000000456e-01 6.950213179999999991e-01 7.222283339999999718e-01 7.887551599999998997e-01 7.528544179999999697e-01 7.660953120000001393e-01 7.734897079999999425e-01 7.517750800000000400e-01 6.736855820000000605e-01 4.771802920000000059e-01 6.791207900000000297e-01 5.232922159999999767e-01 5.281180460000000076e-01 4.836624379999999723e-01 6.060540500000000108e-01 7.446736080000000424e-01 0.000000000000000000e+00
