0.000000000000000000e+00 7.284118260000000955e-01 7.180839799999999551e-01 6.549287259999999611e-01 7.234347859999999963e-01 7.158844400000000663e-01 6.075872599999999624e-01 5.328291240000000428e-01 6.819298620000000533e-01 6.189495700000000600e-01 6.483105480000000975e-01 5.609147840000000551e-01 5.960631299999998856e-01 4.315848959999999401e-01 4.642887840000000099e-01 4.569731100000000157e-01 3.482971019999999696e-01 4.558976679999999782e-01 3.433483979999999991e-01 3.378303839999999836e-01 5.654346780000000239e-01 4.191136500000000042e-01
7.284118260000000955e-01 0.000000000000000000e+00 5.303495820000000416e-01 4.793069019999999791e-01 7.290289979999999836e-01 6.984526800000000479e-01 4.582521939999999461e-01 3.501572119999999400e-01 5.007108940000000175e-01 4.408452320000000313e-01 4.672001019999999505e-01 3.844160679999999997e-01 4.337212120000000226e-01 3.728778140000000296e-01 3.924835139999999778e-01 4.052471279999999565e-01 2.807680479999999923e-01 3.744427260000000035e-01 3.395887020000000200e-01 2.668118219999999763e-01 4.032746259999999694e-01 3.338757839999999533e-01
7.180839799999999551e-01 5.303495820000000416e-01 0.000000000000000000e+00 8.836556400000000755e-01 5.053529060000000461e-01 5.532854919999999899e-01 8.186620799999999587e-01 7.519719759999999864e-01 9.196615680000000959e-01 8.852996660000000961e-01 9.319576299999999813e-01 8.095366680000001258e-01 8.738990640000000587e-01 6.665354299999999288e-01 5.929629819999998608e-01 6.709525999999998991e-01 5.253791620000001217e-01 6.887220480000000311e-01 5.153449460000000260e-01 5.182741560000000414e-01 8.490630859999999114e-01 5.024994499999999586e-01
6.549287259999999611e-01 4.793069019999999791e-01 8.836556400000000755e-01 0.000000000000000000e+00 4.793156559999999788e-01 4.695437900000000164e-01 7.577360800000000340e-01 8.315018759999999176e-01 8.868559919999998709e-01 9.038983479999999071e-01 8.152454719999999710e-01 9.007768560000000146e-01 8.120865000000000444e-01 7.508918599999999666e-01 5.358426960000000072e-01 7.151251120000000627e-01 4.513601200000000313e-01 7.321647180000000477e-01 5.258769620000000033e-01 5.440275299999999259e-01 8.018596840000000725e-01 6.193810419999998818e-01
7.234347859999999963e-01 7.290289979999999836e-01 5.053529060000000461e-01 4.793156559999999788e-01 0.000000000000000000e+00 6.741389260000000272e-01 4.735474840000000185e-01 4.244065140000000125e-01 5.356160500000000102e-01 5.221743520000000638e-01 4.826413180000000414e-01 4.741381899999999594e-01 4.617615800000000048e-01 4.124044420000000377e-01 3.665338439999999975e-01 3.758235440000000094e-01 2.831373700000000548e-01 3.633034500000000278e-01 3.819179780000000468e-01 3.001402960000000286e-01 4.649212320000000176e-01 3.505446799999999419e-01
7.158844400000000663e-01 6.984526800000000479e-01 5.532854919999999899e-01 4.695437900000000164e-01 6.741389260000000272e-01 0.000000000000000000e+00 4.999779359999999562e-01 4.611838959999999821e-01 5.454481359999998613e-01 5.111500079999999890e-01 5.256194960000000194e-01 4.751894980000000435e-01 5.100699800000000339e-01 3.891653460000000231e-01 4.172039100000000111e-01 3.411668060000000446e-01 3.268229679999999915e-01 3.097763940000000105e-01 3.569150900000000459e-01 2.897928060000000139e-01 4.817691319999999888e-01 3.885952319999999571e-01
6.075872599999999624e-01 4.582521939999999461e-01 8.186620799999999587e-01 7.577360800000000340e-01 4.735474840000000185e-01 4.999779359999999562e-01 0.000000000000000000e+00 6.749064759999999774e-01 8.082882999999998486e-01 8.033859559999999567e-01 8.406099559999999915e-01 7.518623540000000105e-01 8.174878419999999091e-01 5.637001680000000015e-01 4.763752379999999786e-01 5.957330180000000031e-01 5.224402439999999981e-01 5.741385880000000608e-01 3.853569620000000251e-01 4.382993820000000151e-01 7.845160300000000309e-01 3.860074839999999563e-01
5.328291240000000428e-01 3.501572119999999400e-01 7.519719759999999864e-01 8.315018759999999176e-01 4.244065140000000125e-01 4.611838959999999821e-01 6.749064759999999774e-01 0.000000000000000000e+00 7.912843059999999928e-01 8.620751420000001275e-01 7.341380960000000178e-01 8.860091939999999999e-01 7.620841720000000041e-01 6.966635719999999532e-01 4.756558000000000175e-01 5.502127500000000282e-01 4.331392039999999999e-01 6.029507880000000153e-01 4.401979640000000527e-01 4.691150379999999842e-01 7.740708779999999622e-01 6.037330759999999241e-01
6.819298620000000533e-01 5.007108940000000175e-01 9.196615680000000959e-01 8.868559919999998709e-01 5.356160500000000102e-01 5.454481359999998613e-01 8.082882999999998486e-01 7.912843059999999928e-01 0.000000000000000000e+00 9.238143860000000984e-01 9.286892460000000238e-01 8.571326360000000033e-01 8.720864980000000433e-01 7.022192440000000202e-01 5.852388040000000569e-01 6.800003300000000417e-01 5.222581939999999534e-01 6.818463559999999868e-01 5.539298140000000759e-01 5.485752980000000445e-01 8.583983259999999893e-01 5.174631760000000247e-01
6.189495700000000600e-01 4.408452320000000313e-01 8.852996660000000961e-01 9.038983479999999071e-01 5.221743520000000638e-01 5.111500079999999890e-01 8.033859559999999567e-01 8.620751420000001275e-01 9.238143860000000984e-01 0.000000000000000000e+00 8.776214519999999686e-01 9.342160499999998535e-01 8.863322759999998635e-01 7.395239700000001415e-01 5.818486320000000322e-01 7.133531119999999559e-01 4.924355799999999839e-01 6.988611660000001446e-01 5.385535660000000391e-01 5.652855420000000297e-01 8.992776919999998508e-01 5.412361300000000375e-01
6.483105480000000975e-01 4.672001019999999505e-01 9.319576299999999813e-01 8.152454719999999710e-01 4.826413180000000414e-01 5.256194960000000194e-01 8.406099559999999915e-01 7.341380960000000178e-01 9.286892460000000238e-01 8.776214519999999686e-01 0.000000000000000000e+00 7.971087119999999970e-01 9.061102460000001191e-01 6.311841000000001367e-01 6.030895360000000371e-01 6.391977140000000279e-01 5.436349359999999020e-01 6.510567340000000813e-01 5.213072120000000753e-01 5.554267999999999983e-01 8.818811459999998936e-01 4.542026599999999803e-01
5.609147840000000551e-01 3.844160679999999997e-01 8.095366680000001258e-01 9.007768560000000146e-01 4.741381899999999594e-01 4.751894980000000435e-01 7.518623540000000105e-01 8.860091939999999999e-01 8.571326360000000033e-01 9.342160499999998535e-01 7.971087119999999970e-01 0.000000000000000000e+00 8.244231400000000543e-01 7.530193579999998610e-01 5.500252220000000358e-01 6.941469700000000298e-01 4.576463819999999627e-01 6.803197239999999590e-01 5.230534359999998717e-01 5.482708880000000118e-01 8.255727099999999874e-01 6.102140319999999063e-01
5.960631299999998856e-01 4.337212120000000226e-01 8.738990640000000587e-01 8.120865000000000444e-01 4.617615800000000048e-01 5.100699800000000339e-01 8.174878419999999091e-01 7.620841720000000041e-01 8.720864980000000433e-01 8.863322759999998635e-01 9.061102460000001191e-01 8.244231400000000543e-01 0.000000000000000000e+00 6.573607039999999069e-01 6.092782619999999039e-01 6.359267600000000353e-01 5.658664019999999351e-01 6.066647400000000356e-01 5.120747939999999998e-01 5.662780679999999123e-01 9.107182639999999996e-01 4.594346959999999203e-01
4.315848959999999401e-01 3.728778140000000296e-01 6.665354299999999288e-01 7.508918599999999666e-01 4.124044420000000377e-01 3.891653460000000231e-01 5.637001680000000015e-01 6.966635719999999532e-01 7.022192440000000202e-01 7.395239700000001415e-01 6.311841000000001367e-01 7.530193579999998610e-01 6.573607039999999069e-01 0.000000000000000000e+00 4.674833620000001244e-01 6.004517099999999719e-01 3.584987880000000127e-01 5.764301880000000100e-01 4.583897139999999482e-01 4.977594800000000319e-01 6.665570059999998964e-01 5.560501020000000461e-01
4.642887840000000099e-01 3.924835139999999778e-01 5.929629819999998608e-01 5.358426960000000072e-01 3.665338439999999975e-01 4.172039100000000111e-01 4.763752379999999786e-01 4.756558000000000175e-01 5.852388040000000569e-01 5.818486320000000322e-01 6.030895360000000371e-01 5.500252220000000358e-01 6.092782619999999039e-01 4.674833620000001244e-01 0.000000000000000000e+00 4.432954519999999787e-01 6.011185099999999393e-01 4.066405220000000043e-01 5.132275980000000626e-01 5.806743080000000834e-01 5.994709200000000182e-01 3.868669180000000596e-01
4.569731100000000157e-01 4.052471279999999565e-01 6.709525999999998991e-01 7.151251120000000627e-01 3.758235440000000094e-01 3.411668060000000446e-01 5.957330180000000031e-01 5.502127500000000282e-01 6.800003300000000417e-01 7.133531119999999559e-01 6.391977140000000279e-01 6.941469700000000298e-01 6.359267600000000353e-01 6.004517099999999719e-01 4.432954519999999787e-01 0.000000000000000000e+00 3.995673020000000131e-01 7.013391400000000830e-01 6.098834419999999978e-01 4.889325239999999795e-01 6.117537500000000961e-01 4.398567039999999873e-01
3.482971019999999696e-01 2.807680479999999923e-01 5.253791620000001217e-01 4.513601200000000313e-01 2.831373700000000548e-01 3.268229679999999915e-01 5.224402439999999981e-01 4.331392039999999999e-01 5.222581939999999534e-01 4.924355799999999839e-01 5.436349359999999020e-01 4.576463819999999627e-01 5.658664019999999351e-01 3.584987880000000127e-01 6.011185099999999393e-01 3.995673020000000131e-01 0.000000000000000000e+00 4.847266300000000472e-01 6.360098880000000232e-01 4.757106320000000221e-01 5.637173859999999870e-01 3.575150980000000311e-01
4.558976679999999782e-01 3.744427260000000035e-01 6.887220480000000311e-01 7.321647180000000477e-01 3.633034500000000278e-01 3.097763940000000105e-01 5.741385880000000608e-01 6.029507880000000153e-01 6.818463559999999868e-01 6.988611660000001446e-01 6.510567340000000813e-01 6.803197239999999590e-01 6.066647400000000356e-01 5.764301880000000100e-01 4.066405220000000043e-01 7.013391400000000830e-01 4.847266300000000472e-01 0.000000000000000000e+00 5.375011840000000207e-01 6.002185079999999839e-01 6.345118160000000618e-01 4.964129279999999755e-01
3.433483979999999991e-01 3.395887020000000200e-01 5.153449460000000260e-01 5.258769620000000033e-01 3.819179780000000468e-01 3.569150900000000459e-01 3.853569620000000251e-01 4.401979640000000527e-01 5.539298140000000759e-01 5.385535660000000391e-01 5.213072120000000753e-01 5.230534359999998717e-01 5.120747939999999998e-01 4.583897139999999482e-01 5.132275980000000626e-01 6.098834419999999978e-01 6.360098880000000232e-01 5.375011840000000207e-01 0.000000000000000000e+00 4.789287479999999597e-01 5.063393599999999051e-01 4.118569980000000297e-01
3.378303839999999836e-01 2.668118219999999763e-01 5.182741560000000414e-01 5.440275299999999259e-01 3.001402960000000286e-01 2.897928060000000139e-01 4.382993820000000151e-01 4.691150379999999842e-01 5.485752980000000445e-01 5.652855420000000297e-01 5.554267999999999983e-01 5.482708880000000118e-01 5.662780679999999123e-01 4.977594800000000319e-01 5.806743080000000834e-01 4.889325239999999795e-01 4.757106320000000221e-01 6.002185079999999839e-01 4.789287479999999597e-01 0.000000000000000000e+00 5.680549259999999601e-01 3.392762059999999691e-01
5.654346780000000239e-01 4.032746259999999694e-01 8.490630859999999114e-01 8.018596840000000725e-01 4.649212320000000176e-01 4.817691319999999888e-01 7.845160300000000309e-01 7.740708779999999622e-01 8.583983259999999893e-01 8.992776919999998508e-01 8.818811459999998936e-01 8.255727099999999874e-01 9.107182639999999996e-01 6.665570059999998964e-01 5.994709200000000182e-01 6.117537500000000961e-01 5.637173859999999870e-01 6.345118160000000618e-01 5.063393599999999051e-01 5.680549259999999601e-01 0.000000000000000000e+00 4.765311579999999547e-01
4.191136500000000042e-01 3.338757839999999533e-01 5.024994499999999586e-01 6.193810419999998818e-01 3.505446799999999419e-01 3.885952319999999571e-01 3.860074839999999563e-01 6.037330759999999241e-01 5.174631760000000247e-01 5.412361300000000375e-01 4.542026599999999803e-01 6.102140319999999063e-01 4.594346959999999203e-01 5.560501020000000461e-01 3.868669180000000596e-01 4.398567039999999873e-01 3.575150980000000311e-01 4.964129279999999755e-01 4.118569980000000297e-01 3.392762059999999691e-01 4.765311579999999547e-01 0.000000000000000000e+00
