0.000000000000000000e+00 4.585804559999999697e-01 1.703656539999999775e-01 4.284554500000000710e-01 4.308207819999999577e-01 8.118543980000000326e-01 1.014959119999999937e-01 9.249529599999999074e-02 1.333306260000000076e-01 1.105402759999999790e-01 1.387215619999999927e-01 1.159017459999999999e-01 1.309459460000000075e-01 1.345231120000000002e-01 6.444921000000000677e-02 8.041907000000000916e-02 6.956672800000000823e-02 9.764325600000001160e-02 7.858723199999999298e-02 1.011681080000000066e-01 9.294316199999999584e-02 1.165843780000000163e-01
4.585804559999999697e-01 0.000000000000000000e+00 2.688721960000000077e-01 3.655107360000000027e-01 7.857319740000001662e-01 3.500127219999999983e-01 4.097123400000000221e-02 9.344694800000000190e-02 8.608726399999999668e-02 1.023686340000000000e-01 1.063400100000000126e-01 1.126766420000000074e-01 9.879224600000000023e-02 1.107953600000000094e-01 8.484569599999999823e-02 6.759881799999999108e-02 7.091506000000000198e-02 5.153604600000000202e-02 5.964802000000000298e-02 5.161138800000000110e-02 6.980516400000000288e-02 1.003487679999999910e-01
1.703656539999999775e-01 2.688721960000000077e-01 0.000000000000000000e+00 3.978309379999999673e-01 2.997663160000000326e-01 1.736603399999999964e-01 1.477792360000000083e-01 1.560951419999999923e-01 3.772038819999999903e-01 2.907849960000000178e-01 6.453482839999999943e-01 2.530008340000000078e-01 6.156985620000000603e-01 1.808208520000000041e-01 1.068002560000000101e-01 1.068788080000000057e-01 1.549298040000000320e-01 1.472828460000000228e-01 1.759734899999999824e-01 1.565063660000000356e-01 5.921238260000001308e-01 4.705416560000000858e-01
4.284554500000000710e-01 3.655107360000000027e-01 3.978309379999999673e-01 0.000000000000000000e+00 3.170179659999999844e-01 3.761212619999999562e-01 1.438275999999999999e-01 2.994773400000000363e-01 3.455994880000000102e-01 2.584638599999999897e-01 3.430524000000000351e-01 4.705792819999999876e-01 3.150343859999999996e-01 3.642159360000000179e-01 9.322369199999999689e-02 1.214228740000000001e-01 1.758962860000000128e-01 1.635199199999999853e-01 1.905201839999999813e-01 1.664141280000000223e-01 3.101909580000000166e-01 4.625986939999999770e-01
4.308207819999999577e-01 7.857319740000001662e-01 2.997663160000000326e-01 3.170179659999999844e-01 0.000000000000000000e+00 4.107006579999999962e-01 4.740851799999999672e-02 8.503798800000000879e-02 5.400472800000000184e-02 6.928237399999999380e-02 7.107292800000000743e-02 8.099224999999998786e-02 6.108738000000000362e-02 1.024528999999999856e-01 6.455231200000000058e-02 6.306730800000000248e-02 7.506210399999999061e-02 6.793289599999999262e-02 6.234676399999999896e-02 4.624381200000000219e-02 6.412402200000000274e-02 9.864424199999999310e-02
8.118543980000000326e-01 3.500127219999999983e-01 1.736603399999999964e-01 3.761212619999999562e-01 4.107006579999999962e-01 0.000000000000000000e+00 9.848576200000000447e-02 9.493097600000000025e-02 9.094955000000000400e-02 1.176700160000000023e-01 1.285021620000000309e-01 1.229315379999999791e-01 1.077421179999999978e-01 1.429909400000000108e-01 4.613903999999999922e-02 7.517590599999998680e-02 6.342035800000001000e-02 1.193518259999999803e-01 7.477930400000001865e-02 1.045556000000000124e-01 1.079923799999999989e-01 1.394141120000000067e-01
1.014959119999999937e-01 4.097123400000000221e-02 1.477792360000000083e-01 1.438275999999999999e-01 4.740851799999999672e-02 9.848576200000000447e-02 0.000000000000000000e+00 5.943442700000000078e-01 2.659607339999999764e-01 2.646404900000000060e-01 2.180135659999999920e-01 1.409469240000000012e-01 2.039366979999999996e-01 1.263435980000000014e-01 4.200597260000000222e-01 5.056568439999999942e-01 5.891393620000000553e-01 5.219886120000000185e-01 6.178397739999998972e-01 6.177057999999998605e-01 1.630392180000000135e-01 1.965572100000000100e-01
9.249529599999999074e-02 9.344694800000000190e-02 1.560951419999999923e-01 2.994773400000000363e-01 8.503798800000000879e-02 9.493097600000000025e-02 5.943442700000000078e-01 0.000000000000000000e+00 2.487762340000000127e-01 3.065014660000000002e-01 2.009737119999999988e-01 2.807499820000000090e-01 1.597337240000000214e-01 1.812321259999999934e-01 3.279721139999999258e-01 6.412570739999999825e-01 5.170141119999999146e-01 5.421730340000000536e-01 5.513758639999999378e-01 6.071262499999999784e-01 1.740459580000000006e-01 3.147035420000000028e-01
1.333306260000000076e-01 8.608726399999999668e-02 3.772038819999999903e-01 3.455994880000000102e-01 5.400472800000000184e-02 9.094955000000000400e-02 2.659607339999999764e-01 2.487762340000000127e-01 0.000000000000000000e+00 1.965777719999999840e-01 3.960966780000000353e-01 2.709789459999999983e-01 5.075785520000000162e-01 2.508775260000000173e-01 1.714341100000000007e-01 9.987284199999998946e-02 1.066659360000000029e-01 9.453508200000000639e-02 1.137084119999999948e-01 1.094229959999999807e-01 3.859307440000000478e-01 4.526184300000000715e-01
1.105402759999999790e-01 1.023686340000000000e-01 2.907849960000000178e-01 2.584638599999999897e-01 6.928237399999999380e-02 1.176700160000000023e-01 2.646404900000000060e-01 3.065014660000000002e-01 1.965777719999999840e-01 0.000000000000000000e+00 3.359989879999999984e-01 2.427236759999999438e-01 3.301470780000000382e-01 5.275496400000000419e-01 1.289329000000000169e-01 1.789877599999999958e-01 1.582188880000000020e-01 1.578587359999999995e-01 1.618234079999999742e-01 1.687643999999999811e-01 3.794796400000000069e-01 3.179228000000000054e-01
1.387215619999999927e-01 1.063400100000000126e-01 6.453482839999999943e-01 3.430524000000000351e-01 7.107292800000000743e-02 1.285021620000000309e-01 2.180135659999999920e-01 2.009737119999999988e-01 3.960966780000000353e-01 3.359989879999999984e-01 0.000000000000000000e+00 2.860405480000000056e-01 7.568106099999999392e-01 2.404916640000000216e-01 8.449883199999999595e-02 7.937281000000000197e-02 1.321768459999999867e-01 9.878450600000000803e-02 1.615856260000000100e-01 9.983681600000000878e-02 6.375846880000000105e-01 5.051643179999999456e-01
1.159017459999999999e-01 1.126766420000000074e-01 2.530008340000000078e-01 4.705792819999999876e-01 8.099224999999998786e-02 1.229315379999999791e-01 1.409469240000000012e-01 2.807499820000000090e-01 2.709789459999999983e-01 2.427236759999999438e-01 2.860405480000000056e-01 0.000000000000000000e+00 2.588891199999999726e-01 4.321803560000000433e-01 7.988745599999999558e-02 1.460969719999999916e-01 2.000843520000000209e-01 2.139920280000000008e-01 2.203915760000000057e-01 2.200921440000000173e-01 2.594496300000000422e-01 4.851399100000000075e-01
1.309459460000000075e-01 9.879224600000000023e-02 6.156985620000000603e-01 3.150343859999999996e-01 6.108738000000000362e-02 1.077421179999999978e-01 2.039366979999999996e-01 1.597337240000000214e-01 5.075785520000000162e-01 3.301470780000000382e-01 7.568106099999999392e-01 2.588891199999999726e-01 0.000000000000000000e+00 2.150493040000000244e-01 8.960483999999999116e-02 7.662924999999999598e-02 1.060443379999999880e-01 8.822678200000000359e-02 1.346784980000000076e-01 6.375149200000000682e-02 6.276594500000001187e-01 4.709885939999999271e-01
1.345231120000000002e-01 1.107953600000000094e-01 1.808208520000000041e-01 3.642159360000000179e-01 1.024528999999999856e-01 1.429909400000000108e-01 1.263435980000000014e-01 1.812321259999999934e-01 2.508775260000000173e-01 5.275496400000000419e-01 2.404916640000000216e-01 4.321803560000000433e-01 2.150493040000000244e-01 0.000000000000000000e+00 9.612414800000002035e-02 8.798848000000000780e-02 1.162742220000000104e-01 1.285194759999999936e-01 1.420135979999999909e-01 1.248995779999999972e-01 2.023863539999999905e-01 3.661156899999999936e-01
6.444921000000000677e-02 8.484569599999999823e-02 1.068002560000000101e-01 9.322369199999999689e-02 6.455231200000000058e-02 4.613903999999999922e-02 4.200597260000000222e-01 3.279721139999999258e-01 1.714341100000000007e-01 1.289329000000000169e-01 8.449883199999999595e-02 7.988745599999999558e-02 8.960483999999999116e-02 9.612414800000002035e-02 0.000000000000000000e+00 3.233816580000000163e-01 4.792047280000000242e-01 2.776572720000000105e-01 4.055169259999999443e-01 3.570622459999999720e-01 7.368553799999999487e-02 1.005777419999999978e-01
8.041907000000000916e-02 6.759881799999999108e-02 1.068788080000000057e-01 1.214228740000000001e-01 6.306730800000000248e-02 7.517590599999998680e-02 5.056568439999999942e-01 6.412570739999999825e-01 9.987284199999998946e-02 1.789877599999999958e-01 7.937281000000000197e-02 1.460969719999999916e-01 7.662924999999999598e-02 8.798848000000000780e-02 3.233816580000000163e-01 0.000000000000000000e+00 5.742831259999998661e-01 7.257079780000001978e-01 6.176896359999999309e-01 7.100748539999999220e-01 7.525853000000000403e-02 1.157700740000000145e-01
6.956672800000000823e-02 7.091506000000000198e-02 1.549298040000000320e-01 1.758962860000000128e-01 7.506210399999999061e-02 6.342035800000001000e-02 5.891393620000000553e-01 5.170141119999999146e-01 1.066659360000000029e-01 1.582188880000000020e-01 1.321768459999999867e-01 2.000843520000000209e-01 1.060443379999999880e-01 1.162742220000000104e-01 4.792047280000000242e-01 5.742831259999998661e-01 0.000000000000000000e+00 5.856848940000000114e-01 9.571053779999999511e-01 6.597165780000000534e-01 1.584908200000000045e-01 1.736033439999999928e-01
9.764325600000001160e-02 5.153604600000000202e-02 1.472828460000000228e-01 1.635199199999999853e-01 6.793289599999999262e-02 1.193518259999999803e-01 5.219886120000000185e-01 5.421730340000000536e-01 9.453508200000000639e-02 1.578587359999999995e-01 9.878450600000000803e-02 2.139920280000000008e-01 8.822678200000000359e-02 1.285194759999999936e-01 2.776572720000000105e-01 7.257079780000001978e-01 5.856848940000000114e-01 0.000000000000000000e+00 6.312352759999999563e-01 9.022789340000001435e-01 1.232551620000000014e-01 1.853710640000000021e-01
7.858723199999999298e-02 5.964802000000000298e-02 1.759734899999999824e-01 1.905201839999999813e-01 6.234676399999999896e-02 7.477930400000001865e-02 6.178397739999998972e-01 5.513758639999999378e-01 1.137084119999999948e-01 1.618234079999999742e-01 1.615856260000000100e-01 2.203915760000000057e-01 1.346784980000000076e-01 1.420135979999999909e-01 4.055169259999999443e-01 6.176896359999999309e-01 9.571053779999999511e-01 6.312352759999999563e-01 0.000000000000000000e+00 6.829775319999999983e-01 1.820935199999999810e-01 2.074929379999999879e-01
1.011681080000000066e-01 5.161138800000000110e-02 1.565063660000000356e-01 1.664141280000000223e-01 4.624381200000000219e-02 1.045556000000000124e-01 6.177057999999998605e-01 6.071262499999999784e-01 1.094229959999999807e-01 1.687643999999999811e-01 9.983681600000000878e-02 2.200921440000000173e-01 6.375149200000000682e-02 1.248995779999999972e-01 3.570622459999999720e-01 7.100748539999999220e-01 6.597165780000000534e-01 9.022789340000001435e-01 6.829775319999999983e-01 0.000000000000000000e+00 1.164118620000000187e-01 1.670028339999999889e-01
9.294316199999999584e-02 6.980516400000000288e-02 5.921238260000001308e-01 3.101909580000000166e-01 6.412402200000000274e-02 1.079923799999999989e-01 1.630392180000000135e-01 1.740459580000000006e-01 3.859307440000000478e-01 3.794796400000000069e-01 6.375846880000000105e-01 2.594496300000000422e-01 6.276594500000001187e-01 2.023863539999999905e-01 7.368553799999999487e-02 7.525853000000000403e-02 1.584908200000000045e-01 1.232551620000000014e-01 1.820935199999999810e-01 1.164118620000000187e-01 0.000000000000000000e+00 6.370358360000001330e-01
1.165843780000000163e-01 1.003487679999999910e-01 4.705416560000000858e-01 4.625986939999999770e-01 9.864424199999999310e-02 1.394141120000000067e-01 1.965572100000000100e-01 3.147035420000000028e-01 4.526184300000000715e-01 3.179228000000000054e-01 5.051643179999999456e-01 4.851399100000000075e-01 4.709885939999999271e-01 3.661156899999999936e-01 1.005777419999999978e-01 1.157700740000000145e-01 1.736033439999999928e-01 1.853710640000000021e-01 2.074929379999999879e-01 1.670028339999999889e-01 6.370358360000001330e-01 0.000000000000000000e+00
