0.000000000000000000e+00 9.811822119999999980e-01 5.688645900000000033e-01 5.844429719999999495e-01 9.802402520000000896e-01 9.774727139999999093e-01 1.070605959999999940e-01 1.412821200000000110e-01 3.857975880000000801e-01 3.488945419999999742e-01 3.585155800000000004e-01 3.043816540000000015e-01 4.162716420000000528e-01 2.110648199999999863e-01 8.705749000000000126e-02 8.717835599999998464e-02 9.724843199999999577e-02 8.977399600000000868e-02 9.121483599999999359e-02 8.672348800000000135e-02 2.946442040000000206e-01 2.786895139999999715e-01
9.811822119999999980e-01 0.000000000000000000e+00 5.248521999999999910e-01 5.254933299999999807e-01 9.873404960000000674e-01 9.921017579999998892e-01 9.521111400000001335e-02 1.285590120000000003e-01 3.930094600000000327e-01 3.362719239999999998e-01 3.680147820000000403e-01 2.760423000000000182e-01 4.119198220000000465e-01 2.317560119999999557e-01 8.482086799999999371e-02 8.690919999999999201e-02 9.195645999999998987e-02 9.233626400000001511e-02 8.872244799999999543e-02 8.546253200000000771e-02 3.081606080000000025e-01 2.882053520000000257e-01
5.688645900000000033e-01 5.248521999999999910e-01 0.000000000000000000e+00 7.616403139999998739e-01 5.343818139999999550e-01 5.152759140000000571e-01 4.168598460000000339e-01 4.438210959999999150e-01 6.551616719999999727e-01 5.795398680000001246e-01 6.423826400000000048e-01 3.906575319999999740e-01 5.581095119999999188e-01 2.881230799999999759e-01 3.565040879999999968e-01 3.650339880000000314e-01 3.739969180000000115e-01 4.102800979999999820e-01 3.652510480000000226e-01 3.753941100000000031e-01 5.841342739999999534e-01 4.820415940000000177e-01
5.844429719999999495e-01 5.254933299999999807e-01 7.616403139999998739e-01 0.000000000000000000e+00 5.214066400000000323e-01 5.147577560000000663e-01 3.050644180000000039e-01 3.518627799999999306e-01 5.409477020000000858e-01 5.503330080000000679e-01 4.845225039999999650e-01 3.710075520000000182e-01 4.267251699999999870e-01 2.407084579999999863e-01 2.498046200000000050e-01 2.628967919999999903e-01 2.631529019999999663e-01 3.026036280000000134e-01 2.569781180000000331e-01 2.710315500000000100e-01 4.697640520000000430e-01 5.290222159999999896e-01
9.802402520000000896e-01 9.873404960000000674e-01 5.343818139999999550e-01 5.214066400000000323e-01 0.000000000000000000e+00 9.753405340000000923e-01 1.075028360000000183e-01 1.394934440000000220e-01 4.043658600000000769e-01 3.531662380000000212e-01 3.815945519999999758e-01 2.859353460000000346e-01 4.232466819999999852e-01 2.223312420000000122e-01 9.203369399999998535e-02 8.973652199999999912e-02 9.904214599999999757e-02 9.389814600000000178e-02 9.495957800000000282e-02 8.787685000000000635e-02 3.231187160000000280e-01 2.823566899999999658e-01
9.774727139999999093e-01 9.921017579999998892e-01 5.152759140000000571e-01 5.147577560000000663e-01 9.753405340000000923e-01 0.000000000000000000e+00 9.299237200000000370e-02 1.212226559999999981e-01 3.874799619999999556e-01 3.303813840000000002e-01 3.652058280000000101e-01 2.749192919999999818e-01 4.127663980000000343e-01 2.401373839999999815e-01 7.843699400000000987e-02 7.910447000000001005e-02 8.961044600000001026e-02 8.884787800000000513e-02 8.396779000000000048e-02 7.923777800000000870e-02 3.071953600000000284e-01 3.022593620000000314e-01
1.070605959999999940e-01 9.521111400000001335e-02 4.168598460000000339e-01 3.050644180000000039e-01 1.075028360000000183e-01 9.299237200000000370e-02 0.000000000000000000e+00 9.567043719999999141e-01 3.616020180000000250e-01 2.693632120000000185e-01 3.529082800000000186e-01 1.616943959999999902e-01 3.772663039999999968e-01 2.545399140000000338e-01 9.785258960000000616e-01 9.578655200000000258e-01 9.804239839999999706e-01 9.605476940000000630e-01 9.777180260000000178e-01 9.660330480000001163e-01 5.223804160000000696e-01 2.956812080000000287e-01
1.412821200000000110e-01 1.285590120000000003e-01 4.438210959999999150e-01 3.518627799999999306e-01 1.394934440000000220e-01 1.212226559999999981e-01 9.567043719999999141e-01 0.000000000000000000e+00 3.484226279999999565e-01 2.951432079999999902e-01 3.424272219999999756e-01 1.900395340000000100e-01 3.321278159999999646e-01 2.308853759999999755e-01 9.459136179999999561e-01 9.527348239999998691e-01 9.532248279999999685e-01 9.571664199999998512e-01 9.534276299999999704e-01 9.532157020000001646e-01 5.278585239999999956e-01 2.922796740000000448e-01
3.857975880000000801e-01 3.930094600000000327e-01 6.551616719999999727e-01 5.409477020000000858e-01 4.043658600000000769e-01 3.874799619999999556e-01 3.616020180000000250e-01 3.484226279999999565e-01 0.000000000000000000e+00 7.402682780000000573e-01 9.153994680000000495e-01 5.308565619999999763e-01 6.271013579999999976e-01 2.790633240000000015e-01 3.331433380000000111e-01 3.507181540000000042e-01 3.253716759999999986e-01 3.896395719999999896e-01 3.265377219999999747e-01 3.564274299999999895e-01 6.609928359999999170e-01 5.579139920000000252e-01
3.488945419999999742e-01 3.362719239999999998e-01 5.795398680000001246e-01 5.503330080000000679e-01 3.531662380000000212e-01 3.303813840000000002e-01 2.693632120000000185e-01 2.951432079999999902e-01 7.402682780000000573e-01 0.000000000000000000e+00 6.444620499999998975e-01 7.991390499999999619e-01 5.914600599999999542e-01 2.740924639999999801e-01 2.390439579999999731e-01 2.338693500000000314e-01 2.406559040000000316e-01 2.773681860000000166e-01 2.335947500000000177e-01 2.417773059999999974e-01 6.305514019999999276e-01 6.158313579999999954e-01
3.585155800000000004e-01 3.680147820000000403e-01 6.423826400000000048e-01 4.845225039999999650e-01 3.815945519999999758e-01 3.652058280000000101e-01 3.529082800000000186e-01 3.424272219999999756e-01 9.153994680000000495e-01 6.444620499999998975e-01 0.000000000000000000e+00 4.416943919999999357e-01 6.265486860000000213e-01 2.918275940000000235e-01 3.221931299999999387e-01 3.427108979999999860e-01 3.167505280000000312e-01 3.743059659999999900e-01 3.180941199999999802e-01 3.472886700000000215e-01 6.405935019999999813e-01 4.921040100000000916e-01
3.043816540000000015e-01 2.760423000000000182e-01 3.906575319999999740e-01 3.710075520000000182e-01 2.859353460000000346e-01 2.749192919999999818e-01 1.616943959999999902e-01 1.900395340000000100e-01 5.308565619999999763e-01 7.991390499999999619e-01 4.416943919999999357e-01 0.000000000000000000e+00 3.985676619999999337e-01 4.465597860000000141e-01 1.277920600000000129e-01 1.265337280000000120e-01 1.317890680000000092e-01 1.464656380000000091e-01 1.236376619999999954e-01 1.248482199999999959e-01 3.977968159999999420e-01 4.605002280000000114e-01
4.162716420000000528e-01 4.119198220000000465e-01 5.581095119999999188e-01 4.267251699999999870e-01 4.232466819999999852e-01 4.127663980000000343e-01 3.772663039999999968e-01 3.321278159999999646e-01 6.271013579999999976e-01 5.914600599999999542e-01 6.265486860000000213e-01 3.985676619999999337e-01 0.000000000000000000e+00 2.795639779999999908e-01 3.749627939999999882e-01 3.609418160000000819e-01 3.666127559999999841e-01 3.746609960000000239e-01 3.680329800000000096e-01 3.661577159999999664e-01 7.279243099999999078e-01 4.802388159999999573e-01
2.110648199999999863e-01 2.317560119999999557e-01 2.881230799999999759e-01 2.407084579999999863e-01 2.223312420000000122e-01 2.401373839999999815e-01 2.545399140000000338e-01 2.308853759999999755e-01 2.790633240000000015e-01 2.740924639999999801e-01 2.918275940000000235e-01 4.465597860000000141e-01 2.795639779999999908e-01 0.000000000000000000e+00 2.593580220000000214e-01 2.674949919999999870e-01 2.517038859999999878e-01 2.548658580000000007e-01 2.532421739999999866e-01 2.636568599999999929e-01 2.885265740000000356e-01 2.501616600000000079e-01
8.705749000000000126e-02 8.482086799999999371e-02 3.565040879999999968e-01 2.498046200000000050e-01 9.203369399999998535e-02 7.843699400000000987e-02 9.785258960000000616e-01 9.459136179999999561e-01 3.331433380000000111e-01 2.390439579999999731e-01 3.221931299999999387e-01 1.277920600000000129e-01 3.749627939999999882e-01 2.593580220000000214e-01 0.000000000000000000e+00 9.794714740000000086e-01 9.939045340000000062e-01 9.720287880000000325e-01 9.963605059999999236e-01 9.848005420000000010e-01 4.937299559999999699e-01 2.472353539999999905e-01
8.717835599999998464e-02 8.690919999999999201e-02 3.650339880000000314e-01 2.628967919999999903e-01 8.973652199999999912e-02 7.910447000000001005e-02 9.578655200000000258e-01 9.527348239999998691e-01 3.507181540000000042e-01 2.338693500000000314e-01 3.427108979999999860e-01 1.265337280000000120e-01 3.609418160000000819e-01 2.674949919999999870e-01 9.794714740000000086e-01 0.000000000000000000e+00 9.696958020000000511e-01 9.889953740000001492e-01 9.799387700000000700e-01 9.964420900000000580e-01 4.951161579999999174e-01 2.295026880000000102e-01
9.724843199999999577e-02 9.195645999999998987e-02 3.739969180000000115e-01 2.631529019999999663e-01 9.904214599999999757e-02 8.961044600000001026e-02 9.804239839999999706e-01 9.532248279999999685e-01 3.253716759999999986e-01 2.406559040000000316e-01 3.167505280000000312e-01 1.317890680000000092e-01 3.666127559999999841e-01 2.517038859999999878e-01 9.939045340000000062e-01 9.696958020000000511e-01 0.000000000000000000e+00 9.649720500000000811e-01 9.978484200000000692e-01 9.755041280000000814e-01 4.965872080000000577e-01 2.600844860000000036e-01
8.977399600000000868e-02 9.233626400000001511e-02 4.102800979999999820e-01 3.026036280000000134e-01 9.389814600000000178e-02 8.884787800000000513e-02 9.605476940000000630e-01 9.571664199999998512e-01 3.896395719999999896e-01 2.773681860000000166e-01 3.743059659999999900e-01 1.464656380000000091e-01 3.746609960000000239e-01 2.548658580000000007e-01 9.720287880000000325e-01 9.889953740000001492e-01 9.649720500000000811e-01 0.000000000000000000e+00 9.732439459999999709e-01 9.939473480000000638e-01 5.257397540000000591e-01 2.756922400000000328e-01
9.121483599999999359e-02 8.872244799999999543e-02 3.652510480000000226e-01 2.569781180000000331e-01 9.495957800000000282e-02 8.396779000000000048e-02 9.777180260000000178e-01 9.534276299999999704e-01 3.265377219999999747e-01 2.335947500000000177e-01 3.180941199999999802e-01 1.236376619999999954e-01 3.680329800000000096e-01 2.532421739999999866e-01 9.963605059999999236e-01 9.799387700000000700e-01 9.978484200000000692e-01 9.732439459999999709e-01 0.000000000000000000e+00 9.842931960000000924e-01 4.926707559999999875e-01 2.478689399999999821e-01
8.672348800000000135e-02 8.546253200000000771e-02 3.753941100000000031e-01 2.710315500000000100e-01 8.787685000000000635e-02 7.923777800000000870e-02 9.660330480000001163e-01 9.532157020000001646e-01 3.564274299999999895e-01 2.417773059999999974e-01 3.472886700000000215e-01 1.248482199999999959e-01 3.661577159999999664e-01 2.636568599999999929e-01 9.848005420000000010e-01 9.964420900000000580e-01 9.755041280000000814e-01 9.939473480000000638e-01 9.842931960000000924e-01 0.000000000000000000e+00 5.017524320000000815e-01 2.463370100000000229e-01
2.946442040000000206e-01 3.081606080000000025e-01 5.841342739999999534e-01 4.697640520000000430e-01 3.231187160000000280e-01 3.071953600000000284e-01 5.223804160000000696e-01 5.278585239999999956e-01 6.609928359999999170e-01 6.305514019999999276e-01 6.405935019999999813e-01 3.977968159999999420e-01 7.279243099999999078e-01 2.885265740000000356e-01 4.937299559999999699e-01 4.951161579999999174e-01 4.965872080000000577e-01 5.257397540000000591e-01 4.926707559999999875e-01 5.017524320000000815e-01 0.000000000000000000e+00 6.097854259999999638e-01
2.786895139999999715e-01 2.882053520000000257e-01 4.820415940000000177e-01 5.290222159999999896e-01 2.823566899999999658e-01 3.022593620000000314e-01 2.956812080000000287e-01 2.922796740000000448e-01 5.579139920000000252e-01 6.158313579999999954e-01 4.921040100000000916e-01 4.605002280000000114e-01 4.802388159999999573e-01 2.501616600000000079e-01 2.472353539999999905e-01 2.295026880000000102e-01 2.600844860000000036e-01 2.756922400000000328e-01 2.478689399999999821e-01 2.463370100000000229e-01 6.097854259999999638e-01 0.000000000000000000e+00
