0.000000000000000000e+00 7.380468479999999776e-01 5.437507999999999786e-01 5.992187139999999301e-01 7.661211060000001627e-01 9.087388979999999616e-01 1.353871160000000018e-01 1.367177599999999937e-01 2.632682480000000380e-01 2.039186340000000153e-01 2.167754040000000049e-01 1.405838739999999976e-01 2.734497720000000354e-01 1.287914760000000158e-01 1.153178600000000220e-01 8.509225200000000711e-02 1.208155459999999681e-01 7.870108400000000448e-02 1.096655039999999970e-01 6.779873599999999834e-02 2.789862799999999754e-01 2.336198939999999669e-01
7.380468479999999776e-01 0.000000000000000000e+00 5.723201719999999604e-01 5.317108480000000137e-01 8.952257279999999984e-01 7.056068100000000287e-01 1.311840280000000081e-01 1.599151659999999975e-01 2.792638040000000044e-01 1.989832039999999969e-01 2.275898720000000264e-01 1.586786560000000013e-01 2.779746660000000369e-01 1.087136600000000036e-01 1.159835479999999919e-01 1.125813659999999883e-01 7.550365200000000443e-02 9.291920000000000734e-02 9.640586799999999179e-02 8.289620600000000006e-02 2.704087099999999966e-01 2.440160180000000012e-01
5.437507999999999786e-01 5.723201719999999604e-01 0.000000000000000000e+00 6.389013580000000303e-01 5.846173740000000230e-01 5.280529260000000891e-01 4.259443079999999382e-01 3.560166859999999711e-01 6.526830180000000592e-01 4.971217359999999807e-01 6.954643060000000876e-01 3.332928160000000473e-01 6.985480819999999591e-01 2.993767680000000153e-01 2.010178240000000116e-01 1.976066799999999790e-01 7.988291399999999931e-02 8.886543399999999315e-02 9.084047399999999051e-02 1.292745980000000183e-01 6.876082799999999606e-01 6.124974460000001120e-01
5.992187139999999301e-01 5.317108480000000137e-01 6.389013580000000303e-01 0.000000000000000000e+00 5.607447399999999638e-01 6.046365799999999791e-01 3.544310460000000274e-01 5.114564180000000793e-01 5.626039999999999930e-01 6.271845219999999665e-01 4.452030740000000320e-01 6.004964580000000662e-01 4.813367760000000217e-01 5.451357839999999566e-01 1.162285679999999904e-01 2.406211959999999817e-01 9.254297600000001289e-02 9.234622800000000242e-02 1.285993679999999917e-01 1.728134360000000147e-01 5.494276179999999510e-01 6.255653979999999947e-01
7.661211060000001627e-01 8.952257279999999984e-01 5.846173740000000230e-01 5.607447399999999638e-01 0.000000000000000000e+00 7.512158579999999031e-01 1.379644899999999952e-01 1.647311099999999862e-01 2.886840179999999867e-01 2.214288560000000072e-01 2.321505659999999749e-01 1.614742899999999926e-01 2.960202500000000403e-01 1.266604339999999884e-01 1.148066239999999960e-01 1.005243479999999856e-01 8.722390200000000593e-02 9.121249800000000296e-02 9.928891000000000799e-02 8.222547799999999074e-02 2.952111060000000009e-01 2.651092039999999872e-01
9.087388979999999616e-01 7.056068100000000287e-01 5.280529260000000891e-01 6.046365799999999791e-01 7.512158579999999031e-01 0.000000000000000000e+00 1.255393739999999814e-01 1.521372099999999949e-01 2.488215039999999711e-01 2.125440339999999928e-01 1.962784040000000174e-01 1.599149299999999829e-01 2.630581079999999572e-01 1.532378699999999705e-01 9.417790800000000462e-02 8.725210199999999805e-02 1.235143400000000141e-01 9.606724399999999608e-02 1.126555160000000111e-01 7.647751799999999434e-02 2.784218920000000042e-01 2.268549940000000320e-01
1.353871160000000018e-01 1.311840280000000081e-01 4.259443079999999382e-01 3.544310460000000274e-01 1.379644899999999952e-01 1.255393739999999814e-01 0.000000000000000000e+00 4.813147420000000176e-01 5.266966220000000032e-01 4.202386759999999777e-01 4.700664999999999982e-01 2.902598040000000101e-01 4.438130639999999794e-01 2.796280999999999906e-01 6.230158120000000022e-01 3.565411520000000278e-01 1.904262399999999966e-01 1.224887620000000010e-01 2.199250260000000234e-01 4.072591959999999345e-01 4.401753419999999695e-01 4.348582999999999754e-01
1.367177599999999937e-01 1.599151659999999975e-01 3.560166859999999711e-01 5.114564180000000793e-01 1.647311099999999862e-01 1.521372099999999949e-01 4.813147420000000176e-01 0.000000000000000000e+00 4.972105620000000781e-01 5.811451119999999637e-01 3.848230280000000114e-01 5.681054300000000223e-01 3.580844380000000049e-01 4.937362099999999532e-01 1.140197420000000073e-01 5.587298240000000416e-01 1.446878420000000109e-01 1.384975320000000065e-01 2.457570960000000082e-01 2.902384379999999875e-01 4.392429279999999769e-01 5.359595600000000015e-01
2.632682480000000380e-01 2.792638040000000044e-01 6.526830180000000592e-01 5.626039999999999930e-01 2.886840179999999867e-01 2.488215039999999711e-01 5.266966220000000032e-01 4.972105620000000781e-01 0.000000000000000000e+00 5.475326280000000212e-01 6.647954300000000760e-01 4.564639300000000732e-01 7.446833939999999430e-01 3.950021059999999640e-01 2.329440500000000136e-01 2.427178760000000268e-01 8.711295400000000633e-02 8.474199799999999894e-02 1.250371200000000016e-01 2.115881260000000152e-01 6.890205920000000983e-01 6.872342639999999836e-01
2.039186340000000153e-01 1.989832039999999969e-01 4.971217359999999807e-01 6.271845219999999665e-01 2.214288560000000072e-01 2.125440339999999928e-01 4.202386759999999777e-01 5.811451119999999637e-01 5.475326280000000212e-01 0.000000000000000000e+00 5.435585259999999863e-01 6.402398079999999103e-01 5.245818639999999533e-01 7.404982199999999848e-01 1.088119040000000010e-01 2.845101299999999722e-01 1.113186860000000139e-01 5.792891599999999697e-02 1.655612679999999837e-01 1.616800560000000164e-01 5.978062760000000253e-01 6.866114739999999994e-01
2.167754040000000049e-01 2.275898720000000264e-01 6.954643060000000876e-01 4.452030740000000320e-01 2.321505659999999749e-01 1.962784040000000174e-01 4.700664999999999982e-01 3.848230280000000114e-01 6.647954300000000760e-01 5.435585259999999863e-01 0.000000000000000000e+00 3.175276919999999725e-01 7.978566980000000308e-01 2.932356799999999986e-01 1.640741899999999809e-01 1.942890320000000004e-01 7.185292800000001034e-02 7.217451399999999517e-02 1.095127760000000061e-01 1.554320239999999742e-01 7.556243139999999636e-01 6.538911339999999850e-01
1.405838739999999976e-01 1.586786560000000013e-01 3.332928160000000473e-01 6.004964580000000662e-01 1.614742899999999926e-01 1.599149299999999829e-01 2.902598040000000101e-01 5.681054300000000223e-01 4.564639300000000732e-01 6.402398079999999103e-01 3.175276919999999725e-01 0.000000000000000000e+00 3.155383419999999717e-01 6.573345499999999619e-01 8.809986000000000206e-02 2.440042520000000048e-01 7.300493799999999145e-02 6.843534799999999307e-02 1.025284860000000020e-01 1.655740019999999979e-01 4.055241480000000287e-01 5.612975600000000842e-01
2.734497720000000354e-01 2.779746660000000369e-01 6.985480819999999591e-01 4.813367760000000217e-01 2.960202500000000403e-01 2.630581079999999572e-01 4.438130639999999794e-01 3.580844380000000049e-01 7.446833939999999430e-01 5.245818639999999533e-01 7.978566980000000308e-01 3.155383419999999717e-01 0.000000000000000000e+00 2.878240060000000211e-01 1.435065059999999781e-01 1.906631659999999950e-01 1.008059779999999905e-01 5.358343399999999923e-02 1.233754299999999943e-01 1.457518760000000024e-01 7.387368220000000152e-01 6.261176400000000308e-01
1.287914760000000158e-01 1.087136600000000036e-01 2.993767680000000153e-01 5.451357839999999566e-01 1.266604339999999884e-01 1.532378699999999705e-01 2.796280999999999906e-01 4.937362099999999532e-01 3.950021059999999640e-01 7.404982199999999848e-01 2.932356799999999986e-01 6.573345499999999619e-01 2.878240060000000211e-01 0.000000000000000000e+00 9.136737600000000015e-02 2.197664220000000168e-01 9.597158000000001465e-02 7.731077000000000088e-02 1.266802399999999995e-01 1.656281679999999923e-01 3.789901700000000151e-01 5.210435180000000388e-01
1.153178600000000220e-01 1.159835479999999919e-01 2.010178240000000116e-01 1.162285679999999904e-01 1.148066239999999960e-01 9.417790800000000462e-02 6.230158120000000022e-01 1.140197420000000073e-01 2.329440500000000136e-01 1.088119040000000010e-01 1.640741899999999809e-01 8.809986000000000206e-02 1.435065059999999781e-01 9.136737600000000015e-02 0.000000000000000000e+00 1.607907620000000037e-01 1.394983019999999907e-01 1.620333660000000120e-01 1.324648340000000035e-01 2.911184399999999783e-01 1.427109159999999932e-01 1.170262319999999939e-01
8.509225200000000711e-02 1.125813659999999883e-01 1.976066799999999790e-01 2.406211959999999817e-01 1.005243479999999856e-01 8.725210199999999805e-02 3.565411520000000278e-01 5.587298240000000416e-01 2.427178760000000268e-01 2.845101299999999722e-01 1.942890320000000004e-01 2.440042520000000048e-01 1.906631659999999950e-01 2.197664220000000168e-01 1.607907620000000037e-01 0.000000000000000000e+00 1.318865499999999913e-01 8.267569800000000579e-02 1.630046660000000203e-01 1.492347679999999899e-01 2.016732559999999952e-01 2.459694719999999946e-01
1.208155459999999681e-01 7.550365200000000443e-02 7.988291399999999931e-02 9.254297600000001289e-02 8.722390200000000593e-02 1.235143400000000141e-01 1.904262399999999966e-01 1.446878420000000109e-01 8.711295400000000633e-02 1.113186860000000139e-01 7.185292800000001034e-02 7.300493799999999145e-02 1.008059779999999905e-01 9.597158000000001465e-02 1.394983019999999907e-01 1.318865499999999913e-01 0.000000000000000000e+00 1.537542820000000199e-01 8.864971980000000418e-01 2.245902800000000032e-01 6.735613599999999701e-02 7.261801999999999147e-02
7.870108400000000448e-02 9.291920000000000734e-02 8.886543399999999315e-02 9.234622800000000242e-02 9.121249800000000296e-02 9.606724399999999608e-02 1.224887620000000010e-01 1.384975320000000065e-01 8.474199799999999894e-02 5.792891599999999697e-02 7.217451399999999517e-02 6.843534799999999307e-02 5.358343399999999923e-02 7.731077000000000088e-02 1.620333660000000120e-01 8.267569800000000579e-02 1.537542820000000199e-01 0.000000000000000000e+00 1.635012259999999995e-01 6.995592459999999679e-01 9.684974400000000150e-02 9.597837800000000308e-02
1.096655039999999970e-01 9.640586799999999179e-02 9.084047399999999051e-02 1.285993679999999917e-01 9.928891000000000799e-02 1.126555160000000111e-01 2.199250260000000234e-01 2.457570960000000082e-01 1.250371200000000016e-01 1.655612679999999837e-01 1.095127760000000061e-01 1.025284860000000020e-01 1.233754299999999943e-01 1.266802399999999995e-01 1.324648340000000035e-01 1.630046660000000203e-01 8.864971980000000418e-01 1.635012259999999995e-01 0.000000000000000000e+00 2.236285899999999882e-01 1.036458619999999914e-01 1.282113460000000038e-01
6.779873599999999834e-02 8.289620600000000006e-02 1.292745980000000183e-01 1.728134360000000147e-01 8.222547799999999074e-02 7.647751799999999434e-02 4.072591959999999345e-01 2.902384379999999875e-01 2.115881260000000152e-01 1.616800560000000164e-01 1.554320239999999742e-01 1.655740019999999979e-01 1.457518760000000024e-01 1.656281679999999923e-01 2.911184399999999783e-01 1.492347679999999899e-01 2.245902800000000032e-01 6.995592459999999679e-01 2.236285899999999882e-01 0.000000000000000000e+00 1.747916419999999971e-01 1.867848019999999720e-01
2.789862799999999754e-01 2.704087099999999966e-01 6.876082799999999606e-01 5.494276179999999510e-01 2.952111060000000009e-01 2.784218920000000042e-01 4.401753419999999695e-01 4.392429279999999769e-01 6.890205920000000983e-01 5.978062760000000253e-01 7.556243139999999636e-01 4.055241480000000287e-01 7.387368220000000152e-01 3.789901700000000151e-01 1.427109159999999932e-01 2.016732559999999952e-01 6.735613599999999701e-02 9.684974400000000150e-02 1.036458619999999914e-01 1.747916419999999971e-01 0.000000000000000000e+00 7.417397459999999221e-01
2.336198939999999669e-01 2.440160180000000012e-01 6.124974460000001120e-01 6.255653979999999947e-01 2.651092039999999872e-01 2.268549940000000320e-01 4.348582999999999754e-01 5.359595600000000015e-01 6.872342639999999836e-01 6.866114739999999994e-01 6.538911339999999850e-01 5.612975600000000842e-01 6.261176400000000308e-01 5.210435180000000388e-01 1.170262319999999939e-01 2.459694719999999946e-01 7.261801999999999147e-02 9.597837800000000308e-02 1.282113460000000038e-01 1.867848019999999720e-01 7.417397459999999221e-01 0.000000000000000000e+00
