0.000000000000000000e+00 6.713999279999999237e-01 3.975795080000000259e-01 5.038035480000000454e-01 7.322446019999999667e-01 8.855056460000000351e-01 1.271561519999999945e-01 9.529347400000000301e-02 1.293254739999999958e-01 1.196389380000000002e-01 8.988779600000000591e-02 1.028082000000000162e-01 8.986613400000001417e-02 1.134229539999999925e-01 9.373476599999999714e-02 7.884558600000000916e-02 1.010595940000000026e-01 1.224289300000000191e-01 1.047128599999999909e-01 9.729265000000000829e-02 8.875316800000000728e-02 1.086193139999999946e-01
6.713999279999999237e-01 0.000000000000000000e+00 4.708674119999999297e-01 4.056365380000001020e-01 8.596228959999999697e-01 6.493163940000000744e-01 1.268229620000000113e-01 1.135915759999999997e-01 1.507918020000000026e-01 1.430524739999999850e-01 1.242974819999999869e-01 1.091862899999999914e-01 1.359703400000000229e-01 1.267644340000000092e-01 1.194997399999999932e-01 1.181953840000000006e-01 6.314931399999999806e-02 9.086567200000000843e-02 7.788613399999999576e-02 8.249658999999999465e-02 1.000272579999999800e-01 1.155927759999999943e-01
3.975795080000000259e-01 4.708674119999999297e-01 0.000000000000000000e+00 4.555922539999999188e-01 4.854608380000000056e-01 4.063562479999999755e-01 4.319061260000000013e-01 2.443481939999999908e-01 5.218100740000000126e-01 3.864862020000000009e-01 6.335947699999999738e-01 2.392255199999999693e-01 6.292647860000000204e-01 2.082956639999999915e-01 1.673925359999999807e-01 9.070344199999999524e-02 1.036324180000000039e-01 7.415237399999999313e-02 1.133171939999999961e-01 1.438990899999999795e-01 6.139824820000000516e-01 4.895614779999999944e-01
5.038035480000000454e-01 4.056365380000001020e-01 4.555922539999999188e-01 0.000000000000000000e+00 4.368853659999999972e-01 4.840432840000000181e-01 2.971429640000000094e-01 4.773599080000000550e-01 4.180454619999999788e-01 5.401689259999999937e-01 2.828133840000000010e-01 6.017960220000000415e-01 2.609674980000000200e-01 5.556903140000000185e-01 1.565881700000000265e-01 1.636904660000000067e-01 7.256762800000000901e-02 1.059124820000000022e-01 1.035126859999999926e-01 1.963647379999999831e-01 3.646027740000000184e-01 4.775790939999999263e-01
7.322446019999999667e-01 8.596228959999999697e-01 4.854608380000000056e-01 4.368853659999999972e-01 0.000000000000000000e+00 7.310795560000000748e-01 1.272962440000000028e-01 1.137372280000000097e-01 1.431408319999999956e-01 1.245635840000000050e-01 1.146584120000000012e-01 1.147207220000000111e-01 1.273150499999999852e-01 1.232546480000000083e-01 1.075401820000000119e-01 1.105814999999999992e-01 8.529082400000001507e-02 1.034965879999999866e-01 9.469142199999999732e-02 7.709908400000001216e-02 8.859992400000001045e-02 9.911296799999999574e-02
8.855056460000000351e-01 6.493163940000000744e-01 4.063562479999999755e-01 4.840432840000000181e-01 7.310795560000000748e-01 0.000000000000000000e+00 1.281620819999999827e-01 9.932762600000000219e-02 1.296316660000000065e-01 1.267659539999999863e-01 9.071489200000000530e-02 1.054670659999999704e-01 9.361630400000001129e-02 1.342266500000000029e-01 9.409829599999999794e-02 5.777389600000000514e-02 8.732415600000000000e-02 1.280508519999999928e-01 9.205597199999999980e-02 8.247338600000000963e-02 7.974227600000000082e-02 1.144067779999999868e-01
1.271561519999999945e-01 1.268229620000000113e-01 4.319061260000000013e-01 2.971429640000000094e-01 1.272962440000000028e-01 1.281620819999999827e-01 0.000000000000000000e+00 4.558055140000000227e-01 4.319336800000000420e-01 3.924210120000000135e-01 5.004060139999999546e-01 2.411964460000000088e-01 4.325728319999999627e-01 1.944284559999999717e-01 5.050181320000000085e-01 2.552826599999999946e-01 1.839144359999999867e-01 7.909229399999999355e-02 2.140794500000000045e-01 3.575802639999999810e-01 4.658117479999999699e-01 4.402921979999999680e-01
9.529347400000000301e-02 1.135915759999999997e-01 2.443481939999999908e-01 4.773599080000000550e-01 1.137372280000000097e-01 9.932762600000000219e-02 4.558055140000000227e-01 0.000000000000000000e+00 3.936676300000000461e-01 5.413482579999999711e-01 3.086127580000000425e-01 5.325005959999999927e-01 2.418625719999999979e-01 4.499911219999999656e-01 1.096303479999999747e-01 4.766846059999999552e-01 1.172605040000000154e-01 1.017171139999999835e-01 2.237027539999999759e-01 2.499866500000000047e-01 3.849752060000000142e-01 5.425874800000000109e-01
1.293254739999999958e-01 1.507918020000000026e-01 5.218100740000000126e-01 4.180454619999999788e-01 1.431408319999999956e-01 1.296316660000000065e-01 4.319336800000000420e-01 3.936676300000000461e-01 0.000000000000000000e+00 4.655542259999999599e-01 5.477730399999999333e-01 4.102528000000000286e-01 6.377541199999999799e-01 3.525116099999999753e-01 1.820001039999999959e-01 1.540028100000000177e-01 9.535586399999999851e-02 8.700730999999999049e-02 1.313329699999999933e-01 1.798040980000000233e-01 6.175407760000000135e-01 6.122236199999999684e-01
1.196389380000000002e-01 1.430524739999999850e-01 3.864862020000000009e-01 5.401689259999999937e-01 1.245635840000000050e-01 1.267659539999999863e-01 3.924210120000000135e-01 5.413482579999999711e-01 4.655542259999999599e-01 0.000000000000000000e+00 4.583364920000000398e-01 5.995709180000000638e-01 4.240844140000000206e-01 6.751562680000000594e-01 1.215809820000000041e-01 2.213384420000000241e-01 5.629830799999999830e-02 9.380605000000000193e-02 1.148378160000000092e-01 2.067469580000000084e-01 5.322117339999999919e-01 6.173873480000000580e-01
8.988779600000000591e-02 1.242974819999999869e-01 6.335947699999999738e-01 2.828133840000000010e-01 1.146584120000000012e-01 9.071489200000000530e-02 5.004060139999999546e-01 3.086127580000000425e-01 5.477730399999999333e-01 4.583364920000000398e-01 0.000000000000000000e+00 2.346013440000000172e-01 7.763286040000000332e-01 1.919440279999999888e-01 1.354826040000000065e-01 1.168248339999999885e-01 1.113028499999999948e-01 9.515591599999999317e-02 1.404633039999999833e-01 1.795221879999999715e-01 7.195211879999999782e-01 5.239124819999999572e-01
1.028082000000000162e-01 1.091862899999999914e-01 2.392255199999999693e-01 6.017960220000000415e-01 1.147207220000000111e-01 1.054670659999999704e-01 2.411964460000000088e-01 5.325005959999999927e-01 4.102528000000000286e-01 5.995709180000000638e-01 2.346013440000000172e-01 0.000000000000000000e+00 2.021856900000000012e-01 7.018081759999998948e-01 1.056593620000000067e-01 1.883584239999999965e-01 5.283726800000000667e-02 1.015511379999999991e-01 1.044964000000000032e-01 2.089933920000000001e-01 3.419150540000000515e-01 5.524888340000000397e-01
8.986613400000001417e-02 1.359703400000000229e-01 6.292647860000000204e-01 2.609674980000000200e-01 1.273150499999999852e-01 9.361630400000001129e-02 4.325728319999999627e-01 2.418625719999999979e-01 6.377541199999999799e-01 4.240844140000000206e-01 7.763286040000000332e-01 2.021856900000000012e-01 0.000000000000000000e+00 1.652511780000000263e-01 1.507637399999999794e-01 1.194951720000000106e-01 1.216777780000000142e-01 9.900179600000000302e-02 1.418545219999999829e-01 1.328348679999999948e-01 6.649955160000000642e-01 4.768005139999999531e-01
1.134229539999999925e-01 1.267644340000000092e-01 2.082956639999999915e-01 5.556903140000000185e-01 1.232546480000000083e-01 1.342266500000000029e-01 1.944284559999999717e-01 4.499911219999999656e-01 3.525116099999999753e-01 6.751562680000000594e-01 1.919440279999999888e-01 7.018081759999998948e-01 1.652511780000000263e-01 0.000000000000000000e+00 9.990970600000000090e-02 1.438465720000000059e-01 5.783996000000000276e-02 7.563485600000000031e-02 7.688322999999999685e-02 1.567047880000000115e-01 2.846668700000000163e-01 4.642412680000000402e-01
9.373476599999999714e-02 1.194997399999999932e-01 1.673925359999999807e-01 1.565881700000000265e-01 1.075401820000000119e-01 9.409829599999999794e-02 5.050181320000000085e-01 1.096303479999999747e-01 1.820001039999999959e-01 1.215809820000000041e-01 1.354826040000000065e-01 1.056593620000000067e-01 1.507637399999999794e-01 9.990970600000000090e-02 0.000000000000000000e+00 1.402379279999999839e-01 1.420775620000000183e-01 1.340457840000000012e-01 9.692372600000000171e-02 2.091455339999999941e-01 1.101974000000000009e-01 1.272856900000000069e-01
7.884558600000000916e-02 1.181953840000000006e-01 9.070344199999999524e-02 1.636904660000000067e-01 1.105814999999999992e-01 5.777389600000000514e-02 2.552826599999999946e-01 4.766846059999999552e-01 1.540028100000000177e-01 2.213384420000000241e-01 1.168248339999999885e-01 1.883584239999999965e-01 1.194951720000000106e-01 1.438465720000000059e-01 1.402379279999999839e-01 0.000000000000000000e+00 1.208459180000000244e-01 2.000279819999999931e-01 1.770754139999999865e-01 2.450602180000000241e-01 1.123303900000000022e-01 1.545761940000000001e-01
1.010595940000000026e-01 6.314931399999999806e-02 1.036324180000000039e-01 7.256762800000000901e-02 8.529082400000001507e-02 8.732415600000000000e-02 1.839144359999999867e-01 1.172605040000000154e-01 9.535586399999999851e-02 5.629830799999999830e-02 1.113028499999999948e-01 5.283726800000000667e-02 1.216777780000000142e-01 5.783996000000000276e-02 1.420775620000000183e-01 1.208459180000000244e-01 0.000000000000000000e+00 1.355364139999999940e-01 8.350138980000000322e-01 2.080652559999999762e-01 8.754012800000000871e-02 7.953891199999998940e-02
1.224289300000000191e-01 9.086567200000000843e-02 7.415237399999999313e-02 1.059124820000000022e-01 1.034965879999999866e-01 1.280508519999999928e-01 7.909229399999999355e-02 1.017171139999999835e-01 8.700730999999999049e-02 9.380605000000000193e-02 9.515591599999999317e-02 1.015511379999999991e-01 9.900179600000000302e-02 7.563485600000000031e-02 1.340457840000000012e-01 2.000279819999999931e-01 1.355364139999999940e-01 0.000000000000000000e+00 1.398910000000000153e-01 6.487925540000000213e-01 1.136193280000000055e-01 6.905074999999999408e-02
1.047128599999999909e-01 7.788613399999999576e-02 1.133171939999999961e-01 1.035126859999999926e-01 9.469142199999999732e-02 9.205597199999999980e-02 2.140794500000000045e-01 2.237027539999999759e-01 1.313329699999999933e-01 1.148378160000000092e-01 1.404633039999999833e-01 1.044964000000000032e-01 1.418545219999999829e-01 7.688322999999999685e-02 9.692372600000000171e-02 1.770754139999999865e-01 8.350138980000000322e-01 1.398910000000000153e-01 0.000000000000000000e+00 2.137096399999999785e-01 1.376847419999999989e-01 1.567825820000000037e-01
9.729265000000000829e-02 8.249658999999999465e-02 1.438990899999999795e-01 1.963647379999999831e-01 7.709908400000001216e-02 8.247338600000000963e-02 3.575802639999999810e-01 2.499866500000000047e-01 1.798040980000000233e-01 2.067469580000000084e-01 1.795221879999999715e-01 2.089933920000000001e-01 1.328348679999999948e-01 1.567047880000000115e-01 2.091455339999999941e-01 2.450602180000000241e-01 2.080652559999999762e-01 6.487925540000000213e-01 2.137096399999999785e-01 0.000000000000000000e+00 1.314869999999999928e-01 1.861592720000000145e-01
8.875316800000000728e-02 1.000272579999999800e-01 6.139824820000000516e-01 3.646027740000000184e-01 8.859992400000001045e-02 7.974227600000000082e-02 4.658117479999999699e-01 3.849752060000000142e-01 6.175407760000000135e-01 5.322117339999999919e-01 7.195211879999999782e-01 3.419150540000000515e-01 6.649955160000000642e-01 2.846668700000000163e-01 1.101974000000000009e-01 1.123303900000000022e-01 8.754012800000000871e-02 1.136193280000000055e-01 1.376847419999999989e-01 1.314869999999999928e-01 0.000000000000000000e+00 7.086115100000001110e-01
1.086193139999999946e-01 1.155927759999999943e-01 4.895614779999999944e-01 4.775790939999999263e-01 9.911296799999999574e-02 1.144067779999999868e-01 4.402921979999999680e-01 5.425874800000000109e-01 6.122236199999999684e-01 6.173873480000000580e-01 5.239124819999999572e-01 5.524888340000000397e-01 4.768005139999999531e-01 4.642412680000000402e-01 1.272856900000000069e-01 1.545761940000000001e-01 7.953891199999998940e-02 6.905074999999999408e-02 1.567825820000000037e-01 1.861592720000000145e-01 7.086115100000001110e-01 0.000000000000000000e+00
