0.000000000000000000e+00 9.609264779999999728e-01 4.960175919999999516e-01 6.230517399999999650e-01 9.533312599999999026e-01 9.447763160000001159e-01 1.051788859999999992e-01 1.343518899999999738e-01 2.258024719999999763e-01 2.989986880000000125e-01 1.876880559999999920e-01 1.362754620000000139e-01 2.764591740000000297e-01 1.326757219999999959e-01 1.097802179999999989e-01 1.037461240000000090e-01 1.013791219999999882e-01 1.013287360000000026e-01 1.043780659999999916e-01 1.035361680000000117e-01 2.733351199999999870e-01 2.912460319999999880e-01
9.609264779999999728e-01 0.000000000000000000e+00 5.003026339999999683e-01 6.326518979999999903e-01 9.501265699999998926e-01 9.837621500000001129e-01 1.030638259999999973e-01 1.203218400000000132e-01 2.633416480000000393e-01 2.834953040000000035e-01 2.378820059999999792e-01 1.255835780000000013e-01 2.714002739999999969e-01 1.305888940000000109e-01 1.012390459999999992e-01 9.191599999999999770e-02 9.223508199999999602e-02 9.254220399999998903e-02 9.713775799999999072e-02 9.361507599999999152e-02 2.516353960000000112e-01 2.740495560000000275e-01
4.960175919999999516e-01 5.003026339999999683e-01 0.000000000000000000e+00 5.388940180000000302e-01 4.986688540000000502e-01 4.953259700000000043e-01 5.514185860000000439e-01 5.466696280000000741e-01 4.516735719999999676e-01 1.866894640000000272e-01 6.091353780000000606e-01 2.719264200000000020e-01 3.978152339999999620e-01 2.868710519999999597e-01 5.433287580000000228e-01 5.509533939999998742e-01 5.435881640000000958e-01 5.427752260000000550e-01 5.461488660000000106e-01 5.483724100000000323e-01 3.429507580000000222e-01 2.027869340000000020e-01
6.230517399999999650e-01 6.326518979999999903e-01 5.388940180000000302e-01 0.000000000000000000e+00 5.762005799999999622e-01 6.562799900000000353e-01 2.737430240000000015e-01 2.929960280000000195e-01 2.479935539999999494e-01 2.153504420000000030e-01 2.791023979999999738e-01 2.175029760000000145e-01 3.124565979999999743e-01 2.803330099999999936e-01 2.742879999999999763e-01 2.857786839999999495e-01 2.814726920000000243e-01 2.917268559999999789e-01 2.793849560000000176e-01 2.917795019999999684e-01 3.846962839999999995e-01 3.722240039999999972e-01
9.533312599999999026e-01 9.501265699999998926e-01 4.986688540000000502e-01 5.762005799999999622e-01 0.000000000000000000e+00 9.209539080000000988e-01 1.153665780000000113e-01 1.371971680000000082e-01 2.550292820000000238e-01 2.805069999999999508e-01 2.292402759999999928e-01 1.317188460000000005e-01 2.686042559999999857e-01 1.463500199999999973e-01 1.107581119999999919e-01 1.022040459999999928e-01 9.999117800000000000e-02 1.005071879999999973e-01 1.050154599999999910e-01 1.014940000000000009e-01 2.721498640000000191e-01 3.098019160000000105e-01
9.447763160000001159e-01 9.837621500000001129e-01 4.953259700000000043e-01 6.562799900000000353e-01 9.209539080000000988e-01 0.000000000000000000e+00 1.022914639999999986e-01 1.164255559999999995e-01 2.745363980000000703e-01 2.743930199999999875e-01 2.510855739999999781e-01 1.314772679999999805e-01 2.578664119999999893e-01 1.450976820000000056e-01 9.811127399999999832e-02 8.960711199999998877e-02 9.013748200000000488e-02 8.897072999999999787e-02 9.484955200000000364e-02 9.011404199999999143e-02 2.350808579999999759e-01 2.572958859999999737e-01
1.051788859999999992e-01 1.030638259999999973e-01 5.514185860000000439e-01 2.737430240000000015e-01 1.153665780000000113e-01 1.022914639999999986e-01 0.000000000000000000e+00 9.688275319999999358e-01 4.250889299999999760e-01 3.045299120000000137e-01 4.738580660000000222e-01 5.062961599999999951e-01 5.699154579999999859e-01 5.691794019999999454e-01 9.916459960000001406e-01 9.688279720000000372e-01 9.895030080000000172e-01 9.607209579999999027e-01 9.909634059999999911e-01 9.727373839999999827e-01 5.457383279999998837e-01 2.816304299999999872e-01
1.343518899999999738e-01 1.203218400000000132e-01 5.466696280000000741e-01 2.929960280000000195e-01 1.371971680000000082e-01 1.164255559999999995e-01 9.688275319999999358e-01 0.000000000000000000e+00 4.224308259999999815e-01 2.628489299999999806e-01 4.749347740000000040e-01 4.765364959999999206e-01 6.094725220000001276e-01 5.494961440000000197e-01 9.749337900000000223e-01 9.833534879999999978e-01 9.695616420000000568e-01 9.759703460000000996e-01 9.770155800000001056e-01 9.818641900000001366e-01 5.832854020000000084e-01 3.200727760000000033e-01
2.258024719999999763e-01 2.633416480000000393e-01 4.516735719999999676e-01 2.479935539999999494e-01 2.550292820000000238e-01 2.745363980000000703e-01 4.250889299999999760e-01 4.224308259999999815e-01 0.000000000000000000e+00 4.272316100000000394e-01 7.348541400000000445e-01 4.296494100000000094e-01 2.928821340000000162e-01 3.766534039999999695e-01 4.285339959999999726e-01 4.522847380000000195e-01 4.323818959999999878e-01 4.507670219999999617e-01 4.348995940000000004e-01 4.449228920000000143e-01 2.376522940000000139e-01 3.534339140000000157e-01
2.989986880000000125e-01 2.834953040000000035e-01 1.866894640000000272e-01 2.153504420000000030e-01 2.805069999999999508e-01 2.743930199999999875e-01 3.045299120000000137e-01 2.628489299999999806e-01 4.272316100000000394e-01 0.000000000000000000e+00 3.031436259999999994e-01 7.875200279999999831e-01 4.345584980000000153e-01 6.465289760000000330e-01 2.811190459999999836e-01 2.855751779999999851e-01 2.863602779999999681e-01 2.700970380000000115e-01 2.826788379999999878e-01 2.742042379999999890e-01 4.205677939999999948e-01 4.496363780000000032e-01
1.876880559999999920e-01 2.378820059999999792e-01 6.091353780000000606e-01 2.791023979999999738e-01 2.292402759999999928e-01 2.510855739999999781e-01 4.738580660000000222e-01 4.749347740000000040e-01 7.348541400000000445e-01 3.031436259999999994e-01 0.000000000000000000e+00 2.569584159999999673e-01 1.647488599999999970e-01 2.484338899999999906e-01 4.911757840000000042e-01 5.110527900000000345e-01 4.901236720000000102e-01 5.196245819999999460e-01 4.912843639999999179e-01 5.157551919999999734e-01 1.611455700000000157e-01 3.210471400000000086e-01
1.362754620000000139e-01 1.255835780000000013e-01 2.719264200000000020e-01 2.175029760000000145e-01 1.317188460000000005e-01 1.314772679999999805e-01 5.062961599999999951e-01 4.765364959999999206e-01 4.296494100000000094e-01 7.875200279999999831e-01 2.569584159999999673e-01 0.000000000000000000e+00 4.814499700000000604e-01 9.027722920000000872e-01 4.771073140000000601e-01 4.726430739999999409e-01 4.874499339999999736e-01 4.590847200000000017e-01 4.816369459999998992e-01 4.638904739999999971e-01 5.065102259999999523e-01 4.020624259999999728e-01
2.764591740000000297e-01 2.714002739999999969e-01 3.978152339999999620e-01 3.124565979999999743e-01 2.686042559999999857e-01 2.578664119999999893e-01 5.699154579999999859e-01 6.094725220000001276e-01 2.928821340000000162e-01 4.345584980000000153e-01 1.647488599999999970e-01 4.814499700000000604e-01 0.000000000000000000e+00 4.668614299999999662e-01 5.619765359999999710e-01 5.476697179999999721e-01 5.534967420000000971e-01 5.444286839999999961e-01 5.628147479999999758e-01 5.523290899999999670e-01 8.694523259999999976e-01 7.082665559999999916e-01
1.326757219999999959e-01 1.305888940000000109e-01 2.868710519999999597e-01 2.803330099999999936e-01 1.463500199999999973e-01 1.450976820000000056e-01 5.691794019999999454e-01 5.494961440000000197e-01 3.766534039999999695e-01 6.465289760000000330e-01 2.484338899999999906e-01 9.027722920000000872e-01 4.668614299999999662e-01 0.000000000000000000e+00 5.455430879999999538e-01 5.482509600000000649e-01 5.572699319999999679e-01 5.425929520000000172e-01 5.542117360000000659e-01 5.434231339999999744e-01 5.097759040000000574e-01 3.269394899999999993e-01
1.097802179999999989e-01 1.012390459999999992e-01 5.433287580000000228e-01 2.742879999999999763e-01 1.107581119999999919e-01 9.811127399999999832e-02 9.916459960000001406e-01 9.749337900000000223e-01 4.285339959999999726e-01 2.811190459999999836e-01 4.911757840000000042e-01 4.771073140000000601e-01 5.619765359999999710e-01 5.455430879999999538e-01 0.000000000000000000e+00 9.788053239999999766e-01 9.960442860000000564e-01 9.733397219999998518e-01 9.976268120000000295e-01 9.838020480000000401e-01 5.326242320000000863e-01 2.697805500000000078e-01
1.037461240000000090e-01 9.191599999999999770e-02 5.509533939999998742e-01 2.857786839999999495e-01 1.022040459999999928e-01 8.960711199999998877e-02 9.688279720000000372e-01 9.833534879999999978e-01 4.522847380000000195e-01 2.855751779999999851e-01 5.110527900000000345e-01 4.726430739999999409e-01 5.476697179999999721e-01 5.482509600000000649e-01 9.788053239999999766e-01 0.000000000000000000e+00 9.763792119999999963e-01 9.953342720000000199e-01 9.839464760000000698e-01 9.968230399999999936e-01 5.240228900000001300e-01 2.586159739999999707e-01
1.013791219999999882e-01 9.223508199999999602e-02 5.435881640000000958e-01 2.814726920000000243e-01 9.999117800000000000e-02 9.013748200000000488e-02 9.895030080000000172e-01 9.695616420000000568e-01 4.323818959999999878e-01 2.863602779999999681e-01 4.901236720000000102e-01 4.874499339999999736e-01 5.534967420000000971e-01 5.572699319999999679e-01 9.960442860000000564e-01 9.763792119999999963e-01 0.000000000000000000e+00 9.713686999999999738e-01 9.977850379999999575e-01 9.811280599999999685e-01 5.303329179999999310e-01 2.671856920000000302e-01
1.013287360000000026e-01 9.254220399999998903e-02 5.427752260000000550e-01 2.917268559999999789e-01 1.005071879999999973e-01 8.897072999999999787e-02 9.607209579999999027e-01 9.759703460000000996e-01 4.507670219999999617e-01 2.700970380000000115e-01 5.196245819999999460e-01 4.590847200000000017e-01 5.444286839999999961e-01 5.425929520000000172e-01 9.733397219999998518e-01 9.953342720000000199e-01 9.713686999999999738e-01 0.000000000000000000e+00 9.785980020000000223e-01 9.971070159999999571e-01 5.225659999999999750e-01 2.621329679999999662e-01
1.043780659999999916e-01 9.713775799999999072e-02 5.461488660000000106e-01 2.793849560000000176e-01 1.050154599999999910e-01 9.484955200000000364e-02 9.909634059999999911e-01 9.770155800000001056e-01 4.348995940000000004e-01 2.826788379999999878e-01 4.912843639999999179e-01 4.816369459999998992e-01 5.628147479999999758e-01 5.542117360000000659e-01 9.976268120000000295e-01 9.839464760000000698e-01 9.977850379999999575e-01 9.785980020000000223e-01 0.000000000000000000e+00 9.872447059999999164e-01 5.348155520000000829e-01 2.710300039999999910e-01
1.035361680000000117e-01 9.361507599999999152e-02 5.483724100000000323e-01 2.917795019999999684e-01 1.014940000000000009e-01 9.011404199999999143e-02 9.727373839999999827e-01 9.818641900000001366e-01 4.449228920000000143e-01 2.742042379999999890e-01 5.157551919999999734e-01 4.638904739999999971e-01 5.523290899999999670e-01 5.434231339999999744e-01 9.838020480000000401e-01 9.968230399999999936e-01 9.811280599999999685e-01 9.971070159999999571e-01 9.872447059999999164e-01 0.000000000000000000e+00 5.276143679999998337e-01 2.638547639999999639e-01
2.733351199999999870e-01 2.516353960000000112e-01 3.429507580000000222e-01 3.846962839999999995e-01 2.721498640000000191e-01 2.350808579999999759e-01 5.457383279999998837e-01 5.832854020000000084e-01 2.376522940000000139e-01 4.205677939999999948e-01 1.611455700000000157e-01 5.065102259999999523e-01 8.694523259999999976e-01 5.097759040000000574e-01 5.326242320000000863e-01 5.240228900000001300e-01 5.303329179999999310e-01 5.225659999999999750e-01 5.348155520000000829e-01 5.276143679999998337e-01 0.000000000000000000e+00 8.017187780000000208e-01
2.912460319999999880e-01 2.740495560000000275e-01 2.027869340000000020e-01 3.722240039999999972e-01 3.098019160000000105e-01 2.572958859999999737e-01 2.816304299999999872e-01 3.200727760000000033e-01 3.534339140000000157e-01 4.496363780000000032e-01 3.210471400000000086e-01 4.020624259999999728e-01 7.082665559999999916e-01 3.269394899999999993e-01 2.697805500000000078e-01 2.586159739999999707e-01 2.671856920000000302e-01 2.621329679999999662e-01 2.710300039999999910e-01 2.638547639999999639e-01 8.017187780000000208e-01 0.000000000000000000e+00
