0.000000000000000000e+00 3.701822380000000523e-01 2.150360020000000039e-01 3.123381239999999948e-01 3.754917919999999354e-01 7.876819539999999620e-01 2.457503480000000073e-01 2.543599099999999669e-01 2.593479799999999780e-01 2.468150400000000411e-01 3.030253159999999335e-01 2.704514640000000303e-01 2.015266180000000185e-01 3.520453879999999591e-01 2.049669799999999653e-01 1.323980499999999894e-01 2.156762080000000081e-01 1.865995659999999945e-01 2.001875240000000333e-01 2.065490940000000164e-01 1.529544079999999862e-01 1.430860820000000033e-01
3.701822380000000523e-01 0.000000000000000000e+00 2.805328300000000108e-01 2.855870759999999953e-01 6.452790659999999567e-01 2.828671360000000190e-01 2.345956299999999717e-01 2.461647800000000275e-01 2.377340859999999834e-01 2.581688619999999990e-01 2.031182920000000058e-01 2.998459100000000488e-01 2.248622180000000303e-01 3.119533559999999595e-01 2.111734079999999791e-01 2.111221440000000116e-01 2.455405019999999661e-01 2.671996339999999637e-01 2.734758720000000087e-01 2.591750179999999792e-01 3.030477279999999607e-01 2.566389060000000000e-01
2.150360020000000039e-01 2.805328300000000108e-01 0.000000000000000000e+00 1.967046339999999893e-01 2.592780660000000292e-01 2.225751720000000433e-01 4.576411000000000229e-01 2.187627780000000188e-01 3.472518759999999594e-01 6.503762680000000351e-01 7.677796800000000754e-01 2.272804959999999708e-01 6.500919759999999048e-01 3.487833699999999815e-01 2.335939840000000323e-01 2.171290159999999803e-01 1.841759619999999986e-01 1.992914940000000135e-01 3.337030760000000429e-01 2.122812780000000177e-01 6.723454359999999630e-01 3.748667020000000516e-01
3.123381239999999948e-01 2.855870759999999953e-01 1.967046339999999893e-01 0.000000000000000000e+00 2.493014539999999779e-01 2.220302420000000443e-01 1.684362159999999720e-01 5.397477880000000061e-01 6.149738139999999520e-01 1.185815399999999853e-01 2.019986740000000169e-01 7.450061540000000315e-01 2.403046740000000236e-01 6.227421900000000843e-01 2.604235060000000268e-01 1.751260880000000131e-01 2.885198699999999561e-01 2.040319740000000048e-01 2.604423480000000457e-01 2.536551340000000043e-01 2.110181899999999666e-01 6.085228020000000848e-01
3.754917919999999354e-01 6.452790659999999567e-01 2.592780660000000292e-01 2.493014539999999779e-01 0.000000000000000000e+00 3.610823300000000069e-01 2.361388320000000207e-01 2.137715580000000004e-01 1.717800500000000175e-01 3.480834440000000196e-01 2.674392140000000362e-01 2.660086220000000279e-01 2.514940820000000077e-01 2.694936159999999914e-01 2.516416479999999956e-01 1.222521079999999982e-01 2.385755319999999791e-01 2.052658420000000317e-01 2.523869920000000322e-01 3.074360560000000131e-01 3.252312460000000294e-01 1.867957419999999868e-01
7.876819539999999620e-01 2.828671360000000190e-01 2.225751720000000433e-01 2.220302420000000443e-01 3.610823300000000069e-01 0.000000000000000000e+00 2.102408420000000111e-01 2.541250760000000053e-01 2.084371679999999782e-01 3.288818619999999693e-01 3.140884640000000116e-01 2.504937680000000055e-01 2.159376219999999957e-01 2.860786800000000296e-01 2.595852800000000293e-01 2.247124699999999975e-01 2.462499879999999752e-01 1.781926699999999975e-01 2.758225699999999891e-01 2.212215719999999775e-01 1.662665080000000073e-01 1.882555679999999843e-01
2.457503480000000073e-01 2.345956299999999717e-01 4.576411000000000229e-01 1.684362159999999720e-01 2.361388320000000207e-01 2.102408420000000111e-01 0.000000000000000000e+00 3.391246340000000359e-01 2.925744800000000256e-01 4.755549439999999239e-01 5.079549080000000938e-01 2.110652819999999930e-01 4.809324879999999913e-01 3.370212520000000489e-01 4.418181840000000582e-01 4.528434020000000615e-01 3.148416900000000074e-01 3.527492819999999973e-01 4.716726600000000214e-01 4.592963159999999823e-01 5.203584540000000258e-01 3.362863360000000190e-01
2.543599099999999669e-01 2.461647800000000275e-01 2.187627780000000188e-01 5.397477880000000061e-01 2.137715580000000004e-01 2.541250760000000053e-01 3.391246340000000359e-01 0.000000000000000000e+00 4.711464160000000123e-01 2.544443259999999984e-01 2.105187100000000255e-01 5.815898620000000685e-01 2.300517799999999835e-01 4.619513880000000183e-01 2.364642859999999958e-01 2.702665699999999838e-01 2.938636059999999994e-01 2.444735239999999976e-01 2.979758679999999771e-01 3.863580300000000189e-01 1.986704080000000205e-01 5.785738279999999012e-01
2.593479799999999780e-01 2.377340859999999834e-01 3.472518759999999594e-01 6.149738139999999520e-01 1.717800500000000175e-01 2.084371679999999782e-01 2.925744800000000256e-01 4.711464160000000123e-01 0.000000000000000000e+00 2.834322200000000125e-01 4.015328820000000354e-01 5.384704140000000638e-01 3.352820040000000223e-01 5.119278259999999747e-01 2.616320840000000425e-01 2.046299840000000148e-01 2.469874280000000089e-01 1.816112280000000134e-01 2.118194800000000044e-01 2.104304640000000115e-01 2.497945360000000115e-01 5.407113859999999050e-01
2.468150400000000411e-01 2.581688619999999990e-01 6.503762680000000351e-01 1.185815399999999853e-01 3.480834440000000196e-01 3.288818619999999693e-01 4.755549439999999239e-01 2.544443259999999984e-01 2.834322200000000125e-01 0.000000000000000000e+00 6.039746759999999881e-01 1.409131199999999751e-01 5.418897919999999813e-01 2.719338900000000114e-01 3.592395480000000196e-01 3.205475299999999694e-01 2.574195879999999770e-01 1.553612199999999943e-01 4.097370240000000052e-01 2.450718199999999958e-01 6.427723899999999713e-01 3.441277400000000708e-01
3.030253159999999335e-01 2.031182920000000058e-01 7.677796800000000754e-01 2.019986740000000169e-01 2.674392140000000362e-01 3.140884640000000116e-01 5.079549080000000938e-01 2.105187100000000255e-01 4.015328820000000354e-01 6.039746759999999881e-01 0.000000000000000000e+00 2.327778439999999838e-01 7.696944300000000405e-01 4.242631740000000207e-01 3.198637500000000022e-01 2.154265119999999867e-01 2.459572240000000021e-01 1.193246400000000096e-01 2.777603940000000216e-01 2.142635559999999939e-01 6.856592839999999800e-01 3.807538000000000311e-01
2.704514640000000303e-01 2.998459100000000488e-01 2.272804959999999708e-01 7.450061540000000315e-01 2.660086220000000279e-01 2.504937680000000055e-01 2.110652819999999930e-01 5.815898620000000685e-01 5.384704140000000638e-01 1.409131199999999751e-01 2.327778439999999838e-01 0.000000000000000000e+00 2.869975740000000330e-01 6.503101279999999873e-01 3.132777039999999902e-01 1.770360300000000109e-01 2.896676940000000311e-01 2.099375639999999932e-01 2.831255280000000152e-01 1.978646599999999978e-01 1.993476939999999920e-01 5.581586279999999345e-01
2.015266180000000185e-01 2.248622180000000303e-01 6.500919759999999048e-01 2.403046740000000236e-01 2.514940820000000077e-01 2.159376219999999957e-01 4.809324879999999913e-01 2.300517799999999835e-01 3.352820040000000223e-01 5.418897919999999813e-01 7.696944300000000405e-01 2.869975740000000330e-01 0.000000000000000000e+00 4.276601740000000040e-01 2.805837500000000206e-01 2.308696499999999818e-01 1.888245640000000281e-01 2.046202200000000193e-01 3.120515220000000256e-01 2.453385720000000325e-01 6.956281100000000217e-01 4.150428599999999579e-01
3.520453879999999591e-01 3.119533559999999595e-01 3.487833699999999815e-01 6.227421900000000843e-01 2.694936159999999914e-01 2.860786800000000296e-01 3.370212520000000489e-01 4.619513880000000183e-01 5.119278259999999747e-01 2.719338900000000114e-01 4.242631740000000207e-01 6.503101279999999873e-01 4.276601740000000040e-01 0.000000000000000000e+00 2.668257039999999969e-01 1.713577140000000498e-01 2.998002320000000553e-01 1.084210799999999891e-01 3.074377219999999689e-01 2.502990900000000019e-01 3.471446320000000085e-01 5.637656640000000552e-01
2.049669799999999653e-01 2.111734079999999791e-01 2.335939840000000323e-01 2.604235060000000268e-01 2.516416479999999956e-01 2.595852800000000293e-01 4.418181840000000582e-01 2.364642859999999958e-01 2.616320840000000425e-01 3.592395480000000196e-01 3.198637500000000022e-01 3.132777039999999902e-01 2.805837500000000206e-01 2.668257039999999969e-01 0.000000000000000000e+00 3.335992359999999657e-01 4.169626640000000384e-01 3.134436780000000033e-01 3.818561400000000106e-01 5.944595520000000022e-01 3.076213519999999590e-01 2.812609640000000022e-01
1.323980499999999894e-01 2.111221440000000116e-01 2.171290159999999803e-01 1.751260880000000131e-01 1.222521079999999982e-01 2.247124699999999975e-01 4.528434020000000615e-01 2.702665699999999838e-01 2.046299840000000148e-01 3.205475299999999694e-01 2.154265119999999867e-01 1.770360300000000109e-01 2.308696499999999818e-01 1.713577140000000498e-01 3.335992359999999657e-01 0.000000000000000000e+00 3.669055179999999861e-01 4.133250519999999706e-01 5.308674760000000603e-01 4.536972620000000456e-01 2.968328499999999814e-01 2.447739360000000253e-01
2.156762080000000081e-01 2.455405019999999661e-01 1.841759619999999986e-01 2.885198699999999561e-01 2.385755319999999791e-01 2.462499879999999752e-01 3.148416900000000074e-01 2.938636059999999994e-01 2.469874280000000089e-01 2.574195879999999770e-01 2.459572240000000021e-01 2.896676940000000311e-01 1.888245640000000281e-01 2.998002320000000553e-01 4.169626640000000384e-01 3.669055179999999861e-01 0.000000000000000000e+00 3.454093079999999705e-01 7.709545740000000036e-01 3.682786499999999852e-01 2.538984039999999665e-01 2.604549899999999973e-01
1.865995659999999945e-01 2.671996339999999637e-01 1.992914940000000135e-01 2.040319740000000048e-01 2.052658420000000317e-01 1.781926699999999975e-01 3.527492819999999973e-01 2.444735239999999976e-01 1.816112280000000134e-01 1.553612199999999943e-01 1.193246400000000096e-01 2.099375639999999932e-01 2.046202200000000193e-01 1.084210799999999891e-01 3.134436780000000033e-01 4.133250519999999706e-01 3.454093079999999705e-01 0.000000000000000000e+00 3.172063379999999766e-01 6.089974139999999592e-01 1.635562039999999828e-01 2.088040499999999910e-01
2.001875240000000333e-01 2.734758720000000087e-01 3.337030760000000429e-01 2.604423480000000457e-01 2.523869920000000322e-01 2.758225699999999891e-01 4.716726600000000214e-01 2.979758679999999771e-01 2.118194800000000044e-01 4.097370240000000052e-01 2.777603940000000216e-01 2.831255280000000152e-01 3.120515220000000256e-01 3.074377219999999689e-01 3.818561400000000106e-01 5.308674760000000603e-01 7.709545740000000036e-01 3.172063379999999766e-01 0.000000000000000000e+00 3.580754019999999871e-01 2.836706039999999929e-01 3.459504919999999983e-01
2.065490940000000164e-01 2.591750179999999792e-01 2.122812780000000177e-01 2.536551340000000043e-01 3.074360560000000131e-01 2.212215719999999775e-01 4.592963159999999823e-01 3.863580300000000189e-01 2.104304640000000115e-01 2.450718199999999958e-01 2.142635559999999939e-01 1.978646599999999978e-01 2.453385720000000325e-01 2.502990900000000019e-01 5.944595520000000022e-01 4.536972620000000456e-01 3.682786499999999852e-01 6.089974139999999592e-01 3.580754019999999871e-01 0.000000000000000000e+00 1.863966699999999865e-01 3.032593880000000186e-01
1.529544079999999862e-01 3.030477279999999607e-01 6.723454359999999630e-01 2.110181899999999666e-01 3.252312460000000294e-01 1.662665080000000073e-01 5.203584540000000258e-01 1.986704080000000205e-01 2.497945360000000115e-01 6.427723899999999713e-01 6.856592839999999800e-01 1.993476939999999920e-01 6.956281100000000217e-01 3.471446320000000085e-01 3.076213519999999590e-01 2.968328499999999814e-01 2.538984039999999665e-01 1.635562039999999828e-01 2.836706039999999929e-01 1.863966699999999865e-01 0.000000000000000000e+00 3.552300339999999723e-01
1.430860820000000033e-01 2.566389060000000000e-01 3.748667020000000516e-01 6.085228020000000848e-01 1.867957419999999868e-01 1.882555679999999843e-01 3.362863360000000190e-01 5.785738279999999012e-01 5.407113859999999050e-01 3.441277400000000708e-01 3.807538000000000311e-01 5.581586279999999345e-01 4.150428599999999579e-01 5.637656640000000552e-01 2.812609640000000022e-01 2.447739360000000253e-01 2.604549899999999973e-01 2.088040499999999910e-01 3.459504919999999983e-01 3.032593880000000186e-01 3.552300339999999723e-01 0.000000000000000000e+00
