1.000000 0.211236 0.222413 0.233000 0.194922 0.085321 0.111592 0.593733 0.026865 0.288144 0.215674 0.068574 0.324111 0.167254 0.498603 0.287881 0.184179 0.225931 0.209119 0.333104 0.186024 0.208005 0.277072 0.312472 0.321803 0.148442 0.196654 0.182667 0.216106 0.857368 0.730626 0.298684 0.730136 0.271376 0.118743 0.204333 0.110630 0.127580 0.007201 0.058149 0.230985 0.068352 0.336879 0.121259 0.231424 0.206118 0.174273 0.081292 0.279051 0.213151 0.221347 0.174177 0.137059 0.116082 0.292500 0.242736 0.276277 0.315844 0.016023 0.203966 0.056083 0.333299 0.316750 0.321587 0.253417 0.265665 
0.211236 1.000000 0.349705 0.216250 0.095472 0.180878 0.003926 0.242415 0.064984 0.262598 0.129977 0.170148 0.053693 0.450570 0.081259 0.306416 0.095775 0.289503 0.153170 0.307581 0.106256 0.356958 0.350294 0.282962 0.303313 0.316923 0.452759 0.860852 0.454568 0.218310 0.320044 0.156616 0.212470 0.210877 0.585577 0.125607 0.099045 0.082940 0.201769 0.084810 0.241876 0.067225 0.222729 0.174085 0.318009 0.191563 0.412516 -0.019820 0.247417 0.045845 0.154015 0.142299 0.087174 0.123805 0.110514 0.211574 0.230497 0.201446 0.118746 0.146397 0.408603 0.263197 0.172148 0.312275 0.183262 0.146457 
0.222413 0.349705 1.000000 0.106316 0.218532 0.121389 0.035792 0.226385 0.096041 0.245746 0.095773 0.082491 0.025070 0.162760 0.095429 0.179364 0.104847 0.269055 0.144647 0.177908 0.049966 0.159115 0.411558 0.289186 0.196178 0.221501 0.171931 0.406025 0.215075 0.237761 0.263729 0.107928 0.269688 0.106254 0.104662 0.205036 0.180623 0.123987 0.058230 0.083311 0.214881 0.193461 0.268081 0.141430 0.135941 0.217172 0.168781 0.060603 0.130776 0.084610 0.198183 0.043842 0.084136 0.199123 0.057293 0.112285 0.150131 0.285061 0.109699 0.108702 0.081849 0.340584 0.139327 0.192570 0.220428 0.144023 
0.233000 0.216250 0.106316 1.000000 0.131802 0.063199 0.064849 0.403095 0.033002 0.476520 0.373110 0.106576 0.512258 0.126986 0.090400 0.171431 0.098369 0.119851 0.102331 0.129014 0.868456 0.097434 0.158787 0.156260 0.745004 0.157386 0.094905 0.173184 0.291781 0.197128 0.241738 0.137326 0.184540 0.226678 0.180180 0.006138 0.445930 0.152216 0.052859 0.103608 0.163193 0.041399 0.300675 0.082496 0.245857 0.189250 0.235088 0.009050 0.169582 0.215276 0.152523 0.125143 0.130041 0.265100 0.140128 0.130277 0.133782 0.303316 0.043158 0.172713 0.107345 0.224731 0.196663 0.243953 0.060864 0.166745 
0.194922 0.095472 0.218532 0.131802 1.000000 0.190162 0.562945 0.209517 0.375187 0.189544 0.157825 0.154555 0.181102 0.090258 0.087162 0.144004 0.489021 0.219142 0.224104 0.190603 0.170312 0.129709 0.243070 0.239343 0.186928 0.132982 0.112727 0.069743 0.160101 0.210169 0.187929 0.384958 0.222854 0.082761 0.015184 0.077561 0.201056 0.113418 0.180636 0.049662 0.191656 0.049999 0.150827 0.150509 0.105572 0.096226 0.120395 -0.011171 0.125962 0.170975 0.094087 0.069212 0.122759 0.218965 0.152633 0.145564 0.140132 0.159811 0.096680 0.162595 0.010783 0.161004 0.055580 0.152053 0.124883 0.049033 
0.085321 0.180878 0.121389 0.063199 0.190162 1.000000 0.106529 0.068417 0.108071 0.056167 0.035704 0.084422 0.005763 0.102312 0.100042 0.023674 0.169597 0.149709 0.318186 0.167598 0.093713 0.000981 0.060999 -0.001966 0.021024 0.230123 0.259515 0.186958 0.045160 0.102206 0.119364 0.233835 0.080920 0.053668 0.222629 0.175579 0.122823 0.067072 0.540301 0.000003 0.180659 0.093524 0.163090 0.109539 0.180647 0.200112 0.177617 0.010881 0.110414 0.089836 0.090320 0.141123 0.048661 0.184939 -0.015604 0.107788 0.142107 0.142646 0.444658 0.152285 0.256286 0.203131 0.042881 0.104629 0.081033 0.027439 
0.111592 0.003926 0.035792 0.064849 0.562945 0.106529 1.000000 0.056879 0.614548 0.088096 0.055221 0.252583 0.159700 0.034314 0.221823 0.030773 0.755262 0.122412 0.152924 0.118557 0.103609 0.039089 0.090332 0.120702 0.049949 0.019709 0.078935 -0.030827 0.043034 0.145124 0.092291 0.469175 0.120405 0.250247 0.000860 0.091501 0.108219 0.033493 0.166831 0.018912 0.142418 -0.015037 0.120929 0.158183 0.065696 0.114845 0.055478 0.246029 0.034282 0.224208 0.004604 0.086125 0.048702 0.155683 0.137951 0.155096 0.059822 0.077260 0.152006 0.141623 0.026191 0.053652 0.255724 0.119791 0.097530 0.319872 
0.593733 0.242415 0.226385 0.403095 0.209517 0.068417 0.056879 1.000000 0.046598 0.448126 0.380062 0.059520 0.424118 0.152042 0.165464 0.323869 0.086892 0.326616 0.197145 0.390818 0.368936 0.182331 0.330181 0.293410 0.563958 0.183255 0.218079 0.271086 0.361095 0.377195 0.610135 0.181172 0.310273 0.271024 0.125282 0.105079 0.249836 0.131270 0.051209 0.062487 0.309729 0.040298 0.304721 0.196908 0.221733 0.192122 0.146383 -0.002785 0.317179 0.229658 0.254830 0.170744 0.172010 0.208644 0.275153 0.178237 0.251978 0.319599 0.072361 0.266993 0.076140 0.371505 0.238273 0.352415 0.174512 0.192778 
0.026865 0.064984 0.096041 0.033002 0.375187 0.108071 0.614548 0.046598 1.000000 0.050718 0.061035 0.240089 0.016793 0.043668 0.401844 0.103255 0.342523 0.145704 0.188865 0.091240 0.031975 0.113258 0.149095 0.143716 0.066227 0.136303 0.130015 0.048919 0.100137 0.117055 0.028935 0.416831 0.121284 0.087548 0.136844 0.219921 0.048922 0.037006 0.239484 0.040144 0.052567 -0.016658 0.128328 0.077042 0.192096 0.082373 0.202689 0.122079 0.108137 0.014019 0.039583 0.135847 0.089605 0.079726 0.150212 0.239485 0.123281 0.096339 0.236021 0.175842 0.151166 0.109333 0.076632 0.035773 0.065457 0.133433 
0.288144 0.262598 0.245746 0.476520 0.189544 0.056167 0.088096 0.448126 0.050718 1.000000 0.239037 0.088693 0.532536 0.225482 0.138628 0.459585 0.195264 0.222659 0.133684 0.197592 0.376328 0.316555 0.500904 0.410412 0.771602 0.162101 0.189718 0.215630 0.461305 0.260027 0.253100 0.135933 0.274957 0.461738 0.252860 0.118465 0.400817 0.374042 0.014250 0.299373 0.287790 0.260090 0.278510 0.192674 0.276944 0.165767 0.261905 0.259939 0.322133 0.501322 0.305855 0.229337 0.214135 0.331367 0.266896 0.219851 0.252176 0.375062 0.092995 0.251794 0.184899 0.353507 0.429596 0.407008 0.377132 0.429960 
0.215674 0.129977 0.095773 0.373110 0.157825 0.035704 0.055221 0.380062 0.061035 0.239037 1.000000 0.012640 0.464028 0.117370 0.201592 0.137087 0.206662 0.180996 0.083222 0.138428 0.499096 0.046827 0.126103 0.175771 0.415460 0.102925 0.133346 0.129637 0.195615 0.203438 0.112473 0.107978 0.180889 0.114853 0.044787 -0.063202 0.202303 0.045705 0.089769 0.024406 0.178529 -0.014719 0.145971 0.201897 0.146549 0.145528 0.156461 0.039208 0.045758 0.112823 0.072041 0.065049 0.079291 0.136822 0.092361 0.030923 0.002758 0.147491 0.057043 0.112691 0.003985 0.127276 0.083726 0.082598 0.019397 0.095505 
0.068574 0.170148 0.082491 0.106576 0.154555 0.084422 0.252583 0.059520 0.240089 0.088693 0.012640 1.000000 0.033841 0.611402 0.151123 0.046348 0.154671 0.224541 0.376856 0.188366 0.051275 0.048613 0.124265 0.090677 0.072278 0.510902 0.135524 0.156670 -0.020845 0.073559 0.075387 0.159008 0.057501 0.076233 0.315639 0.165222 0.076924 0.104934 0.071408 0.106171 0.051361 0.044817 0.110662 0.090242 -0.024309 0.101905 0.019625 0.081720 0.089002 0.080437 0.033058 0.088291 -0.008729 0.081404 0.073397 0.156399 0.077567 0.094378 0.121869 0.038947 0.183982 0.039576 0.085775 0.089635 0.120604 0.149935 
0.324111 0.053693 0.025070 0.512258 0.181102 0.005763 0.159700 0.424118 0.016793 0.532536 0.464028 0.033841 1.000000 0.096738 0.167841 0.117737 0.221669 0.103405 0.106013 0.130277 0.662611 0.053787 0.090981 0.131712 0.562214 0.054751 0.077690 0.012805 0.198605 0.229156 0.190410 0.187589 0.186153 0.241192 0.044900 0.015211 0.365998 0.206338 -0.009274 0.120112 0.109834 0.047949 0.166269 0.150501 0.137885 0.078176 0.130200 0.120847 0.131191 0.336479 0.116659 0.139921 0.127263 0.235486 0.137803 0.141075 0.136744 0.174010 0.016128 0.173245 0.057499 0.141665 0.207392 0.161968 0.163235 0.214421 
0.167254 0.450570 0.162760 0.126986 0.090258 0.102312 0.034314 0.152042 0.043668 0.225482 0.117370 0.611402 0.096738 1.000000 0.135517 0.228184 0.096320 0.313371 0.268728 0.289420 0.081734 0.184117 0.242238 0.206612 0.216512 0.766900 0.322734 0.274263 0.250288 0.193768 0.231912 0.089490 0.130945 0.108002 0.384136 0.080856 0.142449 0.105555 0.078782 0.065665 0.183863 0.076539 0.172302 0.161599 0.158504 0.143077 0.332820 0.011984 0.177228 0.142104 0.076538 0.122876 0.033627 0.147193 0.096598 0.141167 0.139311 0.221161 0.210079 0.078900 0.197483 0.194518 0.061503 0.170012 0.189362 0.077162 
0.498603 0.081259 0.095429 0.090400 0.087162 0.100042 0.221823 0.165464 0.401844 0.138628 0.201592 0.151123 0.167841 0.135517 1.000000 0.104622 0.182011 0.091374 0.155926 0.116549 0.091398 0.029027 0.090507 0.143309 0.132978 0.131127 0.134240 0.059339 0.058435 0.573230 0.190094 0.384064 0.510680 0.127002 0.167575 0.223860 0.083794 -0.001607 -0.005388 -0.037742 0.006019 0.006543 0.147661 0.079350 0.164048 0.141881 0.153184 0.208252 0.075821 0.119209 0.031501 0.161699 0.026897 0.090416 0.151215 0.168590 0.092391 0.125585 -0.005165 0.136783 0.134511 0.094477 0.219539 0.045941 0.094852 0.246041 
0.287881 0.306416 0.179364 0.171431 0.144004 0.023674 0.030773 0.323869 0.103255 0.459585 0.137087 0.046348 0.117737 0.228184 0.104622 1.000000 0.092974 0.221760 0.085993 0.266172 0.066019 0.531968 0.783589 0.788908 0.423675 0.243840 0.238295 0.254999 0.556551 0.319193 0.358774 0.146674 0.274531 0.310939 0.294493 0.186881 0.129448 0.163493 0.031101 0.101901 0.252193 0.111408 0.209402 0.125571 0.293463 0.146170 0.302744 0.106264 0.559906 0.170964 0.157903 0.219014 0.201512 0.148347 0.200501 0.372289 0.346980 0.289225 0.103075 0.230297 0.194608 0.308108 0.297469 0.378997 0.252873 0.221775 
0.184179 0.095775 0.104847 0.098369 0.489021 0.169597 0.755262 0.086892 0.342523 0.195264 0.206662 0.154671 0.221669 0.096320 0.182011 0.092974 1.000000 0.165007 0.158238 0.130591 0.172613 0.117408 0.152947 0.204276 0.117192 0.066252 0.101894 0.068079 0.091324 0.215368 0.109797 0.415208 0.223464 0.318197 0.049647 0.107868 0.104341 0.125882 0.154014 0.104148 0.203924 0.052451 0.208050 0.184425 0.139196 0.186775 0.137967 0.265981 0.078279 0.289853 0.034340 0.156588 0.060864 0.165699 0.211662 0.169835 0.093155 0.105416 0.180208 0.173621 0.078875 0.076026 0.340475 0.184166 0.178878 0.420484 
0.225931 0.289503 0.269055 0.119851 0.219142 0.149709 0.122412 0.326616 0.145704 0.222659 0.180996 0.224541 0.103405 0.313371 0.091374 0.221760 0.165007 1.000000 0.438949 0.769292 0.107649 0.230864 0.267221 0.290871 0.244966 0.319928 0.336261 0.255587 0.205346 0.248034 0.376973 0.185701 0.290683 0.195256 0.231908 0.104175 0.119530 0.153142 0.110611 0.090051 0.171634 0.072347 0.255598 0.232486 0.228717 0.153723 0.279021 0.039313 0.190272 0.121495 0.268608 0.205739 0.213997 0.180996 0.181797 0.192705 0.187546 0.199682 0.246403 0.106435 0.158995 0.183597 0.188526 0.208935 0.204299 0.176038 
0.209119 0.153170 0.144647 0.102331 0.224104 0.318186 0.152924 0.197145 0.188865 0.133684 0.083222 0.376856 0.106013 0.268728 0.155926 0.085993 0.158238 0.438949 1.000000 0.649058 0.093788 0.052506 0.205719 0.166753 0.173000 0.390388 0.255997 0.207107 0.070429 0.264578 0.301223 0.296269 0.190084 0.093461 0.116008 0.074926 0.146477 0.101157 0.210390 0.012031 0.110338 0.061349 0.165372 0.068446 0.128871 0.112932 0.106445 0.014580 0.127401 0.094521 0.196236 0.237424 0.162213 0.159476 0.083701 0.184211 0.149517 0.158387 0.209808 0.103245 0.081400 0.153718 0.091217 0.102934 0.184746 0.071666 
0.333104 0.307581 0.177908 0.129014 0.190603 0.167598 0.118557 0.390818 0.091240 0.197592 0.138428 0.188366 0.130277 0.289420 0.116549 0.266172 0.130591 0.769292 0.649058 1.000000 0.094003 0.201134 0.298258 0.321924 0.264014 0.329089 0.468139 0.270621 0.269318 0.327591 0.536076 0.249995 0.271495 0.182710 0.181556 0.068968 0.112676 0.156972 0.091306 0.067720 0.153953 0.075023 0.226649 0.168610 0.207745 0.137133 0.215357 -0.009299 0.233103 0.163767 0.268363 0.232629 0.232120 0.165240 0.182677 0.233334 0.214082 0.184442 0.147231 0.165754 0.125003 0.198105 0.168649 0.218521 0.233279 0.129673 
0.186024 0.106256 0.049966 0.868456 0.170312 0.093713 0.103609 0.368936 0.031975 0.376328 0.499096 0.051275 0.662611 0.081734 0.091398 0.066019 0.172613 0.107649 0.093788 0.094003 1.000000 0.013248 0.061048 0.082332 0.631551 0.089062 0.060095 0.074077 0.216146 0.150930 0.165585 0.134840 0.139254 0.174233 0.066015 -0.031450 0.532379 0.152463 0.074385 0.085151 0.165138 -0.001284 0.297758 0.135297 0.183354 0.202186 0.176346 0.014038 0.119721 0.227567 0.124195 0.109643 0.100619 0.346114 0.086218 0.113666 0.111433 0.295785 0.048590 0.126873 0.042347 0.206993 0.146028 0.160477 0.036125 0.126371 
0.208005 0.356958 0.159115 0.097434 0.129709 0.000981 0.039089 0.182331 0.113258 0.316555 0.046827 0.048613 0.053787 0.184117 0.029027 0.531968 0.117408 0.230864 0.052506 0.201134 0.013248 1.000000 0.465570 0.641601 0.275239 0.191740 0.355469 0.264796 0.555677 0.220018 0.266117 0.040434 0.283639 0.305647 0.308569 0.170538 0.097009 0.085346 0.064003 0.046554 0.161633 0.070545 0.216567 0.140306 0.241375 0.116838 0.274396 0.132693 0.212826 0.031068 0.079912 0.114297 0.120992 0.122802 0.195638 0.155284 0.170730 0.167296 0.056028 0.161037 0.237554 0.245673 0.343886 0.397556 0.221339 0.290024 
0.277072 0.350294 0.411558 0.158787 0.243070 0.060999 0.090332 0.330181 0.149095 0.500904 0.126103 0.124265 0.090981 0.242238 0.090507 0.783589 0.152947 0.267221 0.205719 0.298258 0.061048 0.465570 1.000000 0.795013 0.414359 0.224314 0.257112 0.393829 0.421971 0.296401 0.341299 0.218948 0.275495 0.251212 0.247087 0.170503 0.165731 0.250484 0.084865 0.204735 0.226987 0.281238 0.223226 0.119329 0.240149 0.152959 0.268464 0.143652 0.466312 0.169090 0.156974 0.170106 0.145944 0.171878 0.133250 0.451362 0.317845 0.268579 0.118296 0.220771 0.184707 0.296312 0.265244 0.308059 0.364969 0.228253 
0.312472 0.282962 0.289186 0.156260 0.239343 -0.001966 0.120702 0.293410 0.143716 0.410412 0.175771 0.090677 0.131712 0.206612 0.143309 0.788908 0.204276 0.290871 0.166753 0.321924 0.082332 0.641601 0.795013 1.000000 0.356713 0.196266 0.291423 0.275256 0.435765 0.348971 0.340470 0.206065 0.330498 0.205563 0.243030 0.164985 0.170900 0.169945 0.074885 0.115585 0.196858 0.121605 0.176517 0.116532 0.268010 0.111409 0.285691 0.077642 0.303539 0.161233 0.120738 0.159429 0.104494 0.190849 0.232598 0.284324 0.185294 0.218614 0.099853 0.191833 0.182638 0.239949 0.259660 0.269052 0.239272 0.234078 
0.321803 0.303313 0.196178 0.745004 0.186928 0.021024 0.049949 0.563958 0.066227 0.771602 0.415460 0.072278 0.562214 0.216512 0.132978 0.423675 0.117192 0.244966 0.173000 0.264014 0.631551 0.275239 0.414359 0.356713 1.000000 0.228039 0.227801 0.245507 0.599916 0.274626 0.326905 0.205248 0.241801 0.377626 0.204300 0.060550 0.443610 0.190430 0.019734 0.097894 0.238303 0.070620 0.290113 0.130608 0.383273 0.140685 0.356691 0.071203 0.289392 0.294824 0.247643 0.219643 0.216895 0.274656 0.189700 0.176537 0.212172 0.366612 0.062969 0.217005 0.116745 0.320433 0.309085 0.372755 0.218081 0.245044 
0.148442 0.316923 0.221501 0.157386 0.132982 0.230123 0.019709 0.183255 0.136303 0.162101 0.102925 0.510902 0.054751 0.766900 0.131127 0.243840 0.066252 0.319928 0.390388 0.329089 0.089062 0.191740 0.224314 0.196266 0.228039 1.000000 0.210043 0.212664 0.234263 0.174490 0.258038 0.069477 0.143921 0.068723 0.297772 0.161278 0.128081 0.082171 0.184162 0.029676 0.165962 0.096314 0.249606 0.126638 0.252691 0.206165 0.383370 -0.023797 0.168054 0.096252 0.122284 0.135303 0.080222 0.156101 0.087503 0.107914 0.121029 0.233380 0.405546 0.135578 0.135271 0.227900 0.053454 0.155601 0.164771 0.057170 
0.196654 0.452759 0.171931 0.094905 0.112727 0.259515 0.078935 0.218079 0.130015 0.189718 0.133346 0.135524 0.077690 0.322734 0.134240 0.238295 0.101894 0.336261 0.255997 0.468139 0.060095 0.355469 0.257112 0.291423 0.227801 0.210043 1.000000 0.359763 0.389461 0.230558 0.394802 0.235791 0.216588 0.114138 0.279314 0.108548 0.114880 0.019579 0.167297 -0.024859 0.101689 0.012199 0.077646 0.122306 0.263614 0.045017 0.285459 -0.001360 0.242316 0.053139 0.063305 0.178115 0.098496 0.114793 0.120021 0.220968 0.222172 0.089724 0.139480 0.143498 0.273712 0.160456 0.073886 0.194008 0.127211 0.054437 
0.182667 0.860852 0.406025 0.173184 0.069743 0.186958 -0.030827 0.271086 0.048919 0.215630 0.129637 0.156670 0.012805 0.274263 0.059339 0.254999 0.068079 0.255587 0.207107 0.270621 0.074077 0.264796 0.393829 0.275256 0.245507 0.212664 0.359763 1.000000 0.326274 0.180428 0.270392 0.151024 0.184791 0.167274 0.430043 0.099735 0.035746 0.100624 0.217658 0.092338 0.233172 0.085576 0.199004 0.163901 0.196405 0.191468 0.234982 -0.022196 0.225605 -0.010696 0.163490 0.078497 0.049434 0.084541 0.091318 0.214992 0.187753 0.151333 0.116971 0.073886 0.316356 0.233450 0.142158 0.274659 0.120253 0.125695 
0.216106 0.454568 0.215075 0.291781 0.160101 0.045160 0.043034 0.361095 0.100137 0.461305 0.195615 -0.020845 0.198605 0.250288 0.058435 0.556551 0.091324 0.205346 0.070429 0.269318 0.216146 0.555677 0.421971 0.435765 0.599916 0.234263 0.389461 0.326274 1.000000 0.226093 0.335105 0.146790 0.227335 0.306466 0.321289 0.134811 0.257720 0.064495 0.027300 0.006541 0.284152 -0.015589 0.305451 0.213459 0.339744 0.238306 0.348628 0.023111 0.319050 0.139694 0.180717 0.218983 0.253338 0.250077 0.111556 0.158166 0.224366 0.348561 0.030708 0.224803 0.222950 0.404594 0.241302 0.416070 0.173794 0.161285 
0.857368 0.218310 0.237761 0.197128 0.210169 0.102206 0.145124 0.377195 0.117055 0.260027 0.203438 0.073559 0.229156 0.193768 0.573230 0.319193 0.215368 0.248034 0.264578 0.327591 0.150930 0.220018 0.296401 0.348971 0.274626 0.174490 0.230558 0.180428 0.226093 1.000000 0.644356 0.406058 0.884882 0.230168 0.169390 0.240765 0.128570 0.124255 0.060023 0.054606 0.210521 0.067822 0.349090 0.095813 0.227447 0.201932 0.210882 0.092688 0.291576 0.181646 0.186556 0.175751 0.123786 0.144003 0.256036 0.310830 0.276692 0.344568 0.051692 0.159529 0.073354 0.333185 0.281963 0.273611 0.246845 0.242954 
0.730626 0.320044 0.263729 0.241738 0.187929 0.119364 0.092291 0.610135 0.028935 0.253100 0.112473 0.075387 0.190410 0.231912 0.190094 0.358774 0.109797 0.376973 0.301223 0.536076 0.165585 0.266117 0.341299 0.340470 0.326905 0.258038 0.394802 0.270392 0.335105 0.644356 1.000000 0.250068 0.511461 0.281908 0.210481 0.200599 0.115122 0.134703 0.099978 0.049808 0.295004 0.083981 0.367951 0.150086 0.222114 0.193482 0.217642 0.018315 0.403098 0.177525 0.289292 0.130302 0.216629 0.153034 0.272112 0.319419 0.361936 0.347722 0.071618 0.250587 0.164919 0.417850 0.260942 0.405587 0.261808 0.182694 
0.298684 0.156616 0.107928 0.137326 0.384958 0.233835 0.469175 0.181172 0.416831 0.135933 0.107978 0.159008 0.187589 0.089490 0.384064 0.146674 0.415208 0.185701 0.296269 0.249995 0.134840 0.040434 0.218948 0.206065 0.205248 0.069477 0.235791 0.151024 0.146790 0.406058 0.250068 1.000000 0.308435 0.119606 0.112352 0.184962 0.143235 0.038771 0.264662 -0.025829 0.147498 -0.061766 0.200849 0.081603 0.213859 0.168361 0.195676 0.009631 0.159043 0.066004 0.005211 0.159966 0.124168 0.193655 0.138900 0.256229 0.203091 0.226010 0.155940 0.203295 0.128361 0.177336 0.125547 0.111181 0.112984 0.125591 
0.730136 0.212470 0.269688 0.184540 0.222854 0.080920 0.120405 0.310273 0.121284 0.274957 0.180889 0.057501 0.186153 0.130945 0.510680 0.274531 0.223464 0.290683 0.190084 0.271495 0.139254 0.283639 0.275495 0.330498 0.241801 0.143921 0.216588 0.184791 0.227335 0.884882 0.511461 0.308435 1.000000 0.206335 0.171644 0.233207 0.116497 0.144150 0.077763 0.100500 0.151246 0.098321 0.381603 0.117140 0.213719 0.196149 0.228047 0.121479 0.235497 0.166329 0.205423 0.135777 0.112240 0.144069 0.271582 0.272404 0.241406 0.314222 0.054289 0.154744 0.079100 0.295850 0.278338 0.222426 0.223156 0.295860 
0.271376 0.210877 0.106254 0.226678 0.082761 0.053668 0.250247 0.271024 0.087548 0.461738 0.114853 0.076233 0.241192 0.108002 0.127002 0.310939 0.318197 0.195256 0.093461 0.182710 0.174233 0.305647 0.251212 0.205563 0.377626 0.068723 0.114138 0.167274 0.306466 0.230168 0.281908 0.119606 0.206335 1.000000 0.216360 0.139032 0.095087 0.183255 -0.003720 0.169308 0.383252 0.207348 0.201025 0.283800 0.272224 0.215189 0.220946 0.566714 0.331880 0.262888 0.199328 0.374615 0.304946 0.111126 0.247641 0.190337 0.237941 0.173403 0.141610 0.166769 0.141344 0.263758 0.881920 0.739039 0.426741 0.760784 
0.118743 0.585577 0.104662 0.180180 0.015184 0.222629 0.000860 0.125282 0.136844 0.252860 0.044787 0.315639 0.044900 0.384136 0.167575 0.294493 0.049647 0.231908 0.116008 0.181556 0.066015 0.308569 0.247087 0.243030 0.204300 0.297772 0.279314 0.430043 0.321289 0.169390 0.210481 0.112352 0.171644 0.216360 1.000000 0.414003 0.061487 0.177083 0.219094 0.189858 0.118806 0.174260 0.234319 0.104866 0.263499 0.167859 0.316172 0.130526 0.302724 0.080757 0.044415 0.243825 0.130482 0.097751 0.115556 0.339594 0.248936 0.224384 0.218644 0.323921 0.855898 0.284304 0.212678 0.281217 0.268493 0.154141 
0.204333 0.125607 0.205036 0.006138 0.077561 0.175579 0.091501 0.105079 0.219921 0.118465 -0.063202 0.165222 0.015211 0.080856 0.223860 0.186881 0.107868 0.104175 0.074926 0.068968 -0.031450 0.170538 0.170503 0.164985 0.060550 0.161278 0.108548 0.099735 0.134811 0.240765 0.200599 0.184962 0.233207 0.139032 0.414003 1.000000 -0.043996 0.224224 0.111039 0.140345 0.106869 0.164860 0.211624 0.052753 0.189122 0.146783 0.161802 0.129938 0.354682 0.076790 0.185286 0.208899 0.142825 0.024438 0.223064 0.493120 0.416992 0.173920 0.094414 0.170644 0.481654 0.227501 0.180157 0.215093 0.230499 0.174669 
0.110630 0.099045 0.180623 0.445930 0.201056 0.122823 0.108219 0.249836 0.048922 0.400817 0.202303 0.076924 0.365998 0.142449 0.083794 0.129448 0.104341 0.119530 0.146477 0.112676 0.532379 0.097009 0.165731 0.170900 0.443610 0.128081 0.114880 0.035746 0.257720 0.128570 0.115122 0.143235 0.116497 0.095087 0.061487 -0.043996 1.000000 0.169705 0.088515 0.110474 0.315874 0.028521 0.410290 0.231667 0.211059 0.373233 0.194950 -0.070840 0.148897 0.352410 0.223456 0.162757 0.210132 0.839507 0.067355 0.117712 0.124109 0.625147 0.108565 0.145784 0.008676 0.440373 0.048183 0.181467 0.104250 0.025364 
0.127580 0.082940 0.123987 0.152216 0.113418 0.067072 0.033493 0.131270 0.037006 0.374042 0.045705 0.104934 0.206338 0.105555 -0.001607 0.163493 0.125882 0.153142 0.101157 0.156972 0.152463 0.085346 0.250484 0.169945 0.190430 0.082171 0.019579 0.100624 0.064495 0.124255 0.134703 0.038771 0.144150 0.183255 0.177083 0.224224 0.169705 1.000000 0.100960 0.867544 0.180557 0.539392 0.257651 0.109214 0.045670 0.139195 0.055188 0.204650 0.309049 0.567841 0.291900 0.177859 0.232833 0.197713 0.200067 0.428545 0.321264 0.300019 0.081016 0.175129 0.190356 0.305734 0.184711 0.189248 0.561611 0.139730 
0.007201 0.201769 0.058230 0.052859 0.180636 0.540301 0.166831 0.051209 0.239484 0.014250 0.089769 0.071408 -0.009274 0.078782 -0.005388 0.031101 0.154014 0.110611 0.210390 0.091306 0.074385 0.064003 0.084865 0.074885 0.019734 0.184162 0.167297 0.217658 0.027300 0.060023 0.099978 0.264662 0.077763 -0.003720 0.219094 0.111039 0.088515 0.100960 1.000000 0.056258 0.094905 0.051363 0.132766 0.117668 0.150288 0.133719 0.185861 -0.026934 0.075953 0.031000 0.080481 0.081872 0.114826 0.159865 0.065062 0.100839 0.134261 0.153239 0.572068 0.251759 0.209144 0.244560 0.010510 0.081528 0.114622 0.000937 
0.058149 0.084810 0.083311 0.103608 0.049662 0.000003 0.018912 0.062487 0.040144 0.299373 0.024406 0.106171 0.120112 0.065665 -0.037742 0.101901 0.104148 0.090051 0.012031 0.067720 0.085151 0.046554 0.204735 0.115585 0.097894 0.029676 -0.024859 0.092338 0.006541 0.054606 0.049808 -0.025829 0.100500 0.169308 0.189858 0.140345 0.110474 0.867544 0.056258 1.000000 0.152203 0.582241 0.189017 0.067592 0.053791 0.113913 0.059394 0.204379 0.206100 0.485045 0.214601 0.124800 0.172908 0.136335 0.092823 0.296308 0.184838 0.222329 0.044723 0.135690 0.167063 0.239624 0.157597 0.166293 0.416220 0.146044 
0.230985 0.241876 0.214881 0.163193 0.191656 0.180659 0.142418 0.309729 0.052567 0.287790 0.178529 0.051361 0.109834 0.183863 0.006019 0.252193 0.203924 0.171634 0.110338 0.153953 0.165138 0.161633 0.226987 0.196858 0.238303 0.165962 0.101689 0.233172 0.284152 0.210521 0.295004 0.147498 0.151246 0.383252 0.118806 0.106869 0.315874 0.180557 0.094905 0.152203 1.000000 0.074688 0.472984 0.450957 0.290716 0.572702 0.266665 0.133282 0.313336 0.252978 0.350652 0.264398 0.340476 0.454634 0.210721 0.153449 0.263246 0.527646 0.191896 0.180325 0.093173 0.600975 0.228627 0.527842 0.189030 0.183940 
0.068352 0.067225 0.193461 0.041399 0.049999 0.093524 -0.015037 0.040298 -0.016658 0.260090 -0.014719 0.044817 0.047949 0.076539 0.006543 0.111408 0.052451 0.072347 0.061349 0.075023 -0.001284 0.070545 0.281238 0.121605 0.070620 0.096314 0.012199 0.085576 -0.015589 0.067822 0.083981 -0.061766 0.098321 0.207348 0.174260 0.164860 0.028521 0.539392 0.051363 0.582241 0.074688 1.000000 0.065445 0.009458 0.012691 0.020065 0.078174 0.536109 0.110541 0.289093 0.072082 0.056901 0.080196 0.027369 -0.055090 0.201186 0.124034 0.094409 0.084874 0.093276 0.154986 0.103032 0.270854 0.154944 0.613518 0.218791 
0.336879 0.222729 0.268081 0.300675 0.150827 0.163090 0.120929 0.304721 0.128328 0.278510 0.145971 0.110662 0.166269 0.172302 0.147661 0.209402 0.208050 0.255598 0.165372 0.226649 0.297758 0.216567 0.223226 0.176517 0.290113 0.249606 0.077646 0.199004 0.305451 0.349090 0.367951 0.200849 0.381603 0.201025 0.234319 0.211624 0.410290 0.257651 0.132766 0.189017 0.472984 0.065445 1.000000 0.273688 0.216563 0.578748 0.259613 -0.000142 0.333093 0.246068 0.323556 0.094282 0.305000 0.514053 0.253294 0.338794 0.294102 0.811533 0.137709 0.320367 0.191475 0.661006 0.182147 0.370077 0.158065 0.219513 
0.121259 0.174085 0.141430 0.082496 0.150509 0.109539 0.158183 0.196908 0.077042 0.192674 0.201897 0.090242 0.150501 0.161599 0.079350 0.125571 0.184425 0.232486 0.068446 0.168610 0.135297 0.140306 0.119329 0.116532 0.130608 0.126638 0.122306 0.163901 0.213459 0.095813 0.150086 0.081603 0.117140 0.283800 0.104866 0.052753 0.231667 0.109214 0.117668 0.067592 0.450957 0.009458 0.273688 1.000000 0.101223 0.525763 0.135324 0.132872 0.159069 0.211917 0.183030 0.174347 0.193587 0.527452 0.180684 0.065296 0.164088 0.279194 0.156178 0.165811 0.035859 0.313826 0.232557 0.259903 0.106154 0.233925 
0.231424 0.318009 0.135941 0.245857 0.105572 0.180647 0.065696 0.221733 0.192096 0.276944 0.146549 -0.024309 0.137885 0.158504 0.164048 0.293463 0.139196 0.228717 0.128871 0.207745 0.183354 0.241375 0.240149 0.268010 0.383273 0.252691 0.263614 0.196405 0.339744 0.227447 0.222114 0.213859 0.213719 0.272224 0.263499 0.189122 0.211059 0.045670 0.150288 0.053791 0.290716 0.012691 0.216563 0.101223 1.000000 0.138315 0.879360 0.085577 0.216621 0.117542 0.151397 0.482473 0.218070 0.162051 0.145061 0.170795 0.217439 0.248044 0.336206 0.207485 0.163744 0.265467 0.212398 0.268092 0.214785 0.128112 
0.206118 0.191563 0.217172 0.189250 0.096226 0.200112 0.114845 0.192122 0.082373 0.165767 0.145528 0.101905 0.078176 0.143077 0.141881 0.146170 0.186775 0.153723 0.112932 0.137133 0.202186 0.116838 0.152959 0.111409 0.140685 0.206165 0.045017 0.191468 0.238306 0.201932 0.193482 0.168361 0.196149 0.215189 0.167859 0.146783 0.373233 0.139195 0.133719 0.113913 0.572702 0.020065 0.578748 0.525763 0.138315 1.000000 0.152803 0.096405 0.174334 0.228632 0.300299 0.187329 0.297101 0.670072 0.186489 0.060006 0.147712 0.530223 0.156633 0.189514 0.097110 0.455065 0.196872 0.293291 0.076657 0.234866 
0.174273 0.412516 0.168781 0.235088 0.120395 0.177617 0.055478 0.146383 0.202689 0.261905 0.156461 0.019625 0.130200 0.332820 0.153184 0.302744 0.137967 0.279021 0.106445 0.215357 0.176346 0.274396 0.268464 0.285691 0.356691 0.383370 0.285459 0.234982 0.348628 0.210882 0.217642 0.195676 0.228047 0.220946 0.316172 0.161802 0.194950 0.055188 0.185861 0.059394 0.266665 0.078174 0.259613 0.135324 0.879360 0.152803 1.000000 0.080596 0.221458 0.120760 0.114444 0.266916 0.120820 0.173138 0.133715 0.170542 0.225493 0.267295 0.271836 0.192800 0.172577 0.257605 0.164511 0.233537 0.227600 0.132871 
0.081292 -0.019820 0.060603 0.009050 -0.011171 0.010881 0.246029 -0.002785 0.122079 0.259939 0.039208 0.081720 0.120847 0.011984 0.208252 0.106264 0.265981 0.039313 0.014580 -0.009299 0.014038 0.132693 0.143652 0.077642 0.071203 -0.023797 -0.001360 -0.022196 0.023111 0.092688 0.018315 0.009631 0.121479 0.566714 0.130526 0.129938 -0.070840 0.204650 -0.026934 0.204379 0.133282 0.536109 -0.000142 0.132872 0.085577 0.096405 0.080596 1.000000 0.063432 0.198999 0.060145 0.211940 0.064654 -0.047393 0.035169 0.059347 0.057087 -0.012961 0.070782 0.003082 0.122317 0.011548 0.644850 0.243623 0.570162 0.621912 
0.279051 0.247417 0.130776 0.169582 0.125962 0.110414 0.034282 0.317179 0.108137 0.322133 0.045758 0.089002 0.131191 0.177228 0.075821 0.559906 0.078279 0.190272 0.127401 0.233103 0.119721 0.212826 0.466312 0.303539 0.289392 0.168054 0.242316 0.225605 0.319050 0.291576 0.403098 0.159043 0.235497 0.331880 0.302724 0.354682 0.148897 0.309049 0.075953 0.206100 0.313336 0.110541 0.333093 0.159069 0.216621 0.174334 0.221458 0.063432 1.000000 0.221763 0.257939 0.255055 0.313174 0.176598 0.431492 0.775477 0.868913 0.377541 0.110433 0.317404 0.283392 0.433434 0.246800 0.437091 0.320910 0.167149 
0.213151 0.045845 0.084610 0.215276 0.170975 0.089836 0.224208 0.229658 0.014019 0.501322 0.112823 0.080437 0.336479 0.142104 0.119209 0.170964 0.289853 0.121495 0.094521 0.163767 0.227567 0.031068 0.169090 0.161233 0.294824 0.096252 0.053139 -0.010696 0.139694 0.181646 0.177525 0.066004 0.166329 0.262888 0.080757 0.076790 0.352410 0.567841 0.031000 0.485045 0.252978 0.289093 0.246068 0.211917 0.117542 0.228632 0.120760 0.198999 0.221763 1.000000 0.227597 0.181872 0.100180 0.384057 0.268258 0.183560 0.170518 0.339355 0.031116 0.212194 0.048537 0.276626 0.255153 0.189935 0.384207 0.247253 
0.221347 0.154015 0.198183 0.152523 0.094087 0.090320 0.004604 0.254830 0.039583 0.305855 0.072041 0.033058 0.116659 0.076538 0.031501 0.157903 0.034340 0.268608 0.196236 0.268363 0.124195 0.079912 0.156974 0.120738 0.247643 0.122284 0.063305 0.163490 0.180717 0.186556 0.289292 0.005211 0.205423 0.199328 0.044415 0.185286 0.223456 0.291900 0.080481 0.214601 0.350652 0.072082 0.323556 0.183030 0.151397 0.300299 0.114444 0.060145 0.257939 0.227597 1.000000 0.226636 0.510739 0.281509 0.339963 0.165853 0.276756 0.381112 0.060433 0.165602 0.039977 0.432972 0.148256 0.262224 0.178215 0.178853 
0.174177 0.142299 0.043842 0.125143 0.069212 0.141123 0.086125 0.170744 0.135847 0.229337 0.065049 0.088291 0.139921 0.122876 0.161699 0.219014 0.156588 0.205739 0.237424 0.232629 0.109643 0.114297 0.170106 0.159429 0.219643 0.135303 0.178115 0.078497 0.218983 0.175751 0.130302 0.159966 0.135777 0.374615 0.243825 0.208899 0.162757 0.177859 0.081872 0.124800 0.264398 0.056901 0.094282 0.174347 0.482473 0.187329 0.266916 0.211940 0.255055 0.181872 0.226636 1.000000 0.528332 0.164550 0.144328 0.224939 0.236425 0.212619 0.318884 0.277434 0.221667 0.271360 0.337398 0.282349 0.335227 0.211116 
0.137059 0.087174 0.084136 0.130041 0.122759 0.048661 0.048702 0.172010 0.089605 0.214135 0.079291 -0.008729 0.127263 0.033627 0.026897 0.201512 0.060864 0.213997 0.162213 0.232120 0.100619 0.120992 0.145944 0.104494 0.216895 0.080222 0.098496 0.049434 0.253338 0.123786 0.216629 0.124168 0.112240 0.304946 0.130482 0.142825 0.210132 0.232833 0.114826 0.172908 0.340476 0.080196 0.305000 0.193587 0.218070 0.297101 0.120820 0.064654 0.313174 0.100180 0.510739 0.528332 1.000000 0.262220 0.110224 0.271123 0.278671 0.366329 0.241669 0.367268 0.149577 0.423124 0.211609 0.393269 0.208400 0.129668 
0.116082 0.123805 0.199123 0.265100 0.218965 0.184939 0.155683 0.208644 0.079726 0.331367 0.136822 0.081404 0.235486 0.147193 0.090416 0.148347 0.165699 0.180996 0.159476 0.165240 0.346114 0.122802 0.171878 0.190849 0.274656 0.156101 0.114793 0.084541 0.250077 0.144003 0.153034 0.193655 0.144069 0.111126 0.097751 0.024438 0.839507 0.197713 0.159865 0.136335 0.454634 0.027369 0.514053 0.527452 0.162051 0.670072 0.173138 -0.047393 0.176598 0.384057 0.281509 0.164550 0.262220 1.000000 0.126339 0.114361 0.158509 0.668927 0.133027 0.204367 0.045057 0.505528 0.093225 0.240637 0.104621 0.093114 
0.292500 0.110514 0.057293 0.140128 0.152633 -0.015604 0.137951 0.275153 0.150212 0.266896 0.092361 0.073397 0.137803 0.096598 0.151215 0.200501 0.211662 0.181797 0.083701 0.182677 0.086218 0.195638 0.133250 0.232598 0.189700 0.087503 0.120021 0.091318 0.111556 0.256036 0.272112 0.138900 0.271582 0.247641 0.115556 0.223064 0.067355 0.200067 0.065062 0.092823 0.210721 -0.055090 0.253294 0.180684 0.145061 0.186489 0.133715 0.035169 0.431492 0.268258 0.339963 0.144328 0.110224 0.126339 1.000000 0.309066 0.514390 0.195602 0.067490 0.292118 0.090397 0.217302 0.242602 0.255425 0.144751 0.325999 
0.242736 0.211574 0.112285 0.130277 0.145564 0.107788 0.155096 0.178237 0.239485 0.219851 0.030923 0.156399 0.141075 0.141167 0.168590 0.372289 0.169835 0.192705 0.184211 0.233334 0.113666 0.155284 0.451362 0.284324 0.176537 0.107914 0.220968 0.214992 0.158166 0.310830 0.319419 0.256229 0.272404 0.190337 0.339594 0.493120 0.117712 0.428545 0.100839 0.296308 0.153449 0.201186 0.338794 0.065296 0.170795 0.060006 0.170542 0.059347 0.775477 0.183560 0.165853 0.224939 0.271123 0.114361 0.309066 1.000000 0.738803 0.310839 0.082054 0.273060 0.416761 0.316479 0.143331 0.261708 0.338487 0.093324 
0.276277 0.230497 0.150131 0.133782 0.140132 0.142107 0.059822 0.251978 0.123281 0.252176 0.002758 0.077567 0.136744 0.139311 0.092391 0.346980 0.093155 0.187546 0.149517 0.214082 0.111433 0.170730 0.317845 0.185294 0.212172 0.121029 0.222172 0.187753 0.224366 0.276692 0.361936 0.203091 0.241406 0.237941 0.248936 0.416992 0.124109 0.321264 0.134261 0.184838 0.263246 0.124034 0.294102 0.164088 0.217439 0.147712 0.225493 0.057087 0.868913 0.170518 0.276756 0.236425 0.278671 0.158509 0.514390 0.738803 1.000000 0.313824 0.117731 0.299072 0.254429 0.381121 0.200155 0.343016 0.353566 0.154695 
0.315844 0.201446 0.285061 0.303316 0.159811 0.142646 0.077260 0.319599 0.096339 0.375062 0.147491 0.094378 0.174010 0.221161 0.125585 0.289225 0.105416 0.199682 0.158387 0.184442 0.295785 0.167296 0.268579 0.218614 0.366612 0.233380 0.089724 0.151333 0.348561 0.344568 0.347722 0.226010 0.314222 0.173403 0.224384 0.173920 0.625147 0.300019 0.153239 0.222329 0.527646 0.094409 0.811533 0.279194 0.248044 0.530223 0.267295 -0.012961 0.377541 0.339355 0.381112 0.212619 0.366329 0.668927 0.195602 0.310839 0.313824 1.000000 0.162050 0.334990 0.163002 0.818290 0.127043 0.351949 0.214619 0.096038 
0.016023 0.118746 0.109699 0.043158 0.096680 0.444658 0.152006 0.072361 0.236021 0.092995 0.057043 0.121869 0.016128 0.210079 -0.005165 0.103075 0.180208 0.246403 0.209808 0.147231 0.048590 0.056028 0.118296 0.099853 0.062969 0.405546 0.139480 0.116971 0.030708 0.051692 0.071618 0.155940 0.054289 0.141610 0.218644 0.094414 0.108565 0.081016 0.572068 0.044723 0.191896 0.084874 0.137709 0.156178 0.336206 0.156633 0.271836 0.070782 0.110433 0.031116 0.060433 0.318884 0.241669 0.133027 0.067490 0.082054 0.117731 0.162050 1.000000 0.249466 0.195016 0.244354 0.127206 0.161638 0.154022 0.086221 
0.203966 0.146397 0.108702 0.172713 0.162595 0.152285 0.141623 0.266993 0.175842 0.251794 0.112691 0.038947 0.173245 0.078900 0.136783 0.230297 0.173621 0.106435 0.103245 0.165754 0.126873 0.161037 0.220771 0.191833 0.217005 0.135578 0.143498 0.073886 0.224803 0.159529 0.250587 0.203295 0.154744 0.166769 0.323921 0.170644 0.145784 0.175129 0.251759 0.135690 0.180325 0.093276 0.320367 0.165811 0.207485 0.189514 0.192800 0.003082 0.317404 0.212194 0.165602 0.277434 0.367268 0.204367 0.292118 0.273060 0.299072 0.334990 0.249466 1.000000 0.343572 0.487773 0.143034 0.316011 0.206535 0.137406 
0.056083 0.408603 0.081849 0.107345 0.010783 0.256286 0.026191 0.076140 0.151166 0.184899 0.003985 0.183982 0.057499 0.197483 0.134511 0.194608 0.078875 0.158995 0.081400 0.125003 0.042347 0.237554 0.184707 0.182638 0.116745 0.135271 0.273712 0.316356 0.222950 0.073354 0.164919 0.128361 0.079100 0.141344 0.855898 0.481654 0.008676 0.190356 0.209144 0.167063 0.093173 0.154986 0.191475 0.035859 0.163744 0.097110 0.172577 0.122317 0.283392 0.048537 0.039977 0.221667 0.149577 0.045057 0.090397 0.416761 0.254429 0.163002 0.195016 0.343572 1.000000 0.245135 0.141338 0.216324 0.221272 0.106684 
0.333299 0.263197 0.340584 0.224731 0.161004 0.203131 0.053652 0.371505 0.109333 0.353507 0.127276 0.039576 0.141665 0.194518 0.094477 0.308108 0.076026 0.183597 0.153718 0.198105 0.206993 0.245673 0.296312 0.239949 0.320433 0.227900 0.160456 0.233450 0.404594 0.333185 0.417850 0.177336 0.295850 0.263758 0.284304 0.227501 0.440373 0.305734 0.244560 0.239624 0.600975 0.103032 0.661006 0.313826 0.265467 0.455065 0.257605 0.011548 0.433434 0.276626 0.432972 0.271360 0.423124 0.505528 0.217302 0.316479 0.381121 0.818290 0.244354 0.487773 0.245135 1.000000 0.182607 0.477787 0.270166 0.107031 
0.316750 0.172148 0.139327 0.196663 0.055580 0.042881 0.255724 0.238273 0.076632 0.429596 0.083726 0.085775 0.207392 0.061503 0.219539 0.297469 0.340475 0.188526 0.091217 0.168649 0.146028 0.343886 0.265244 0.259660 0.309085 0.053454 0.073886 0.142158 0.241302 0.281963 0.260942 0.125547 0.278338 0.881920 0.212678 0.180157 0.048183 0.184711 0.010510 0.157597 0.228627 0.270854 0.182147 0.232557 0.212398 0.196872 0.164511 0.644850 0.246800 0.255153 0.148256 0.337398 0.211609 0.093225 0.242602 0.143331 0.200155 0.127043 0.127206 0.143034 0.141338 0.182607 1.000000 0.643229 0.479412 0.904893 
0.321587 0.312275 0.192570 0.243953 0.152053 0.104629 0.119791 0.352415 0.035773 0.407008 0.082598 0.089635 0.161968 0.170012 0.045941 0.378997 0.184166 0.208935 0.102934 0.218521 0.160477 0.397556 0.308059 0.269052 0.372755 0.155601 0.194008 0.274659 0.416070 0.273611 0.405587 0.111181 0.222426 0.739039 0.281217 0.215093 0.181467 0.189248 0.081528 0.166293 0.527842 0.154944 0.370077 0.259903 0.268092 0.293291 0.233537 0.243623 0.437091 0.189935 0.262224 0.282349 0.393269 0.240637 0.255425 0.261708 0.343016 0.351949 0.161638 0.316011 0.216324 0.477787 0.643229 1.000000 0.325861 0.513598 
0.253417 0.183262 0.220428 0.060864 0.124883 0.081033 0.097530 0.174512 0.065457 0.377132 0.019397 0.120604 0.163235 0.189362 0.094852 0.252873 0.178878 0.204299 0.184746 0.233279 0.036125 0.221339 0.364969 0.239272 0.218081 0.164771 0.127211 0.120253 0.173794 0.246845 0.261808 0.112984 0.223156 0.426741 0.268493 0.230499 0.104250 0.561611 0.114622 0.416220 0.189030 0.613518 0.158065 0.106154 0.214785 0.076657 0.227600 0.570162 0.320910 0.384207 0.178215 0.335227 0.208400 0.104621 0.144751 0.338487 0.353566 0.214619 0.154022 0.206535 0.221272 0.270166 0.479412 0.325861 1.000000 0.366136 
0.265665 0.146457 0.144023 0.166745 0.049033 0.027439 0.319872 0.192778 0.133433 0.429960 0.095505 0.149935 0.214421 0.077162 0.246041 0.221775 0.420484 0.176038 0.071666 0.129673 0.126371 0.290024 0.228253 0.234078 0.245044 0.057170 0.054437 0.125695 0.161285 0.242954 0.182694 0.125591 0.295860 0.760784 0.154141 0.174669 0.025364 0.139730 0.000937 0.146044 0.183940 0.218791 0.219513 0.233925 0.128112 0.234866 0.132871 0.621912 0.167149 0.247253 0.178853 0.211116 0.129668 0.093114 0.325999 0.093324 0.154695 0.096038 0.086221 0.137406 0.106684 0.107031 0.904893 0.513598 0.366136 1.000000 
