1.000000 0.263004 0.160508 0.259792 0.394473 0.224622 0.415532 0.383886 0.384508 0.311682 0.286416 0.329336 0.342250 0.304458 0.618565 0.256734 0.479482 0.249753 0.306568 0.286776 0.257910 0.341228 0.256137 0.252795 0.236273 0.225324 0.260971 0.265322 0.228967 0.846710 0.713457 0.379471 0.781403 0.241928 0.329020 0.199560 0.234834 0.288724 0.162158 0.318654 0.370621 0.239006 0.322204 0.309341 0.170364 0.365738 0.257432 0.222465 0.249273 0.317303 0.226173 0.167243 0.220925 0.257133 0.264748 0.264636 0.206058 0.215444 0.221864 0.211605 0.195566 0.324528 0.206688 0.217950 0.172035 0.240215 
0.263004 1.000000 0.411381 0.270766 0.363589 0.144653 0.222346 0.246939 0.307796 0.337419 0.276123 0.382512 0.316912 0.335456 0.279056 0.360991 0.301078 0.218210 0.262479 0.346774 0.240560 0.365812 0.476628 0.368327 0.259132 0.303292 0.455820 0.458254 0.279087 0.312983 0.328189 0.328463 0.336136 0.202218 0.789083 0.332067 0.337774 0.322547 0.161583 0.169318 0.354081 0.145760 0.333402 0.306531 0.293539 0.253974 0.414698 0.183563 0.340981 0.176329 0.283930 0.283938 0.220819 0.279154 0.360460 0.405820 0.301059 0.334983 0.230289 0.324660 0.370168 0.395906 0.232402 0.271607 0.242512 0.296381 
0.160508 0.411381 1.000000 0.250479 0.263980 0.267252 0.150448 0.238227 0.245322 0.252395 0.263799 0.272528 0.201358 0.267184 0.139915 0.351978 0.147785 0.519590 0.288054 0.222649 0.210220 0.349191 0.361050 0.584789 0.272257 0.184906 0.286280 0.199411 0.312774 0.171788 0.218159 0.218398 0.211306 0.124335 0.240079 0.285441 0.235230 0.162165 0.228497 0.097600 0.239745 0.069428 0.199998 0.210540 0.256685 0.136136 0.329036 0.106178 0.231300 0.128741 0.190325 0.172072 0.095265 0.193038 0.240746 0.219769 0.201095 0.278080 0.242789 0.253545 0.240961 0.264836 0.160495 0.199559 0.136191 0.176425 
0.259792 0.270766 0.250479 1.000000 0.333594 0.233697 0.306356 0.523591 0.298592 0.612334 0.630439 0.307401 0.707523 0.278017 0.259879 0.306622 0.288956 0.394018 0.266116 0.348284 0.962763 0.331689 0.311300 0.283854 0.679239 0.221455 0.391539 0.392806 0.456562 0.224994 0.225007 0.210060 0.224461 0.261024 0.266781 0.153451 0.722713 0.235048 0.132456 0.337545 0.424403 0.282396 0.373738 0.506708 0.311041 0.446163 0.341962 0.261436 0.321068 0.262594 0.196016 0.222196 0.235584 0.615581 0.170883 0.312872 0.135034 0.447579 0.210628 0.268538 0.278908 0.323706 0.215046 0.214497 0.208366 0.234434 
0.394473 0.363589 0.263980 0.333594 1.000000 0.258147 0.513692 0.344136 0.674692 0.430226 0.336355 0.684802 0.373281 0.415085 0.507897 0.374904 0.553784 0.288239 0.359538 0.497466 0.335256 0.464702 0.454451 0.405240 0.382241 0.361559 0.388072 0.372518 0.354578 0.432430 0.426515 0.726311 0.417563 0.216779 0.389989 0.269903 0.326929 0.246882 0.230270 0.177055 0.361209 0.159119 0.542826 0.300376 0.257165 0.302627 0.370902 0.170071 0.315219 0.234691 0.259187 0.254465 0.235256 0.319632 0.345454 0.402287 0.282705 0.358947 0.299285 0.260473 0.268497 0.381328 0.223630 0.280519 0.091623 0.291109 
0.224622 0.144653 0.267252 0.233697 0.258147 1.000000 0.138871 0.204299 0.245464 0.262522 0.215493 0.286825 0.228540 0.367051 0.233116 0.129977 0.147664 0.459780 0.440062 0.251998 0.216552 0.200822 0.170341 0.191978 0.192798 0.670800 0.314337 0.457942 0.142916 0.270722 0.185137 0.194776 0.273273 0.025382 0.171910 0.169971 0.174660 0.142006 0.572841 0.175153 0.108780 0.094744 0.197675 0.188560 0.256276 0.144107 0.288019 0.065863 0.192166 0.161125 0.140045 0.179209 0.076036 0.183159 0.156356 0.190636 0.172634 0.191717 0.621917 0.201715 0.261187 0.130049 0.059398 0.038489 0.135765 0.076498 
0.415532 0.222346 0.150448 0.306356 0.513692 0.138871 1.000000 0.276624 0.641528 0.329911 0.317120 0.406995 0.430837 0.256238 0.620793 0.240907 0.825837 0.265742 0.286175 0.374897 0.327000 0.302344 0.249913 0.297911 0.266759 0.161886 0.207067 0.213303 0.221676 0.413698 0.253432 0.547223 0.411755 0.228098 0.215704 0.167453 0.328337 0.190074 0.122504 0.316211 0.302279 0.311963 0.379983 0.338135 0.177358 0.325198 0.250892 0.287135 0.150438 0.302362 0.235740 0.134752 0.206989 0.338271 0.154427 0.171157 0.093595 0.317541 0.092638 0.168915 0.169498 0.301796 0.187388 0.141677 0.143002 0.214873 
0.383886 0.246939 0.238227 0.523591 0.344136 0.204299 0.276624 1.000000 0.312839 0.538073 0.537457 0.297260 0.504043 0.283148 0.287222 0.348720 0.261768 0.360458 0.322239 0.362582 0.485527 0.383207 0.320948 0.315721 0.564616 0.227956 0.409857 0.406951 0.579863 0.386791 0.435837 0.222334 0.351252 0.283566 0.257148 0.167667 0.428768 0.256722 0.146895 0.297896 0.473439 0.222044 0.327438 0.367776 0.271808 0.422444 0.332253 0.215965 0.310098 0.309209 0.212820 0.204824 0.195276 0.447697 0.209646 0.305984 0.131498 0.352581 0.173651 0.255865 0.252226 0.355583 0.246317 0.300898 0.170134 0.250441 
0.384508 0.307796 0.245322 0.298592 0.674692 0.245464 0.641528 0.312839 1.000000 0.341573 0.266489 0.634321 0.339680 0.330803 0.780669 0.312761 0.553265 0.332408 0.384910 0.423941 0.279676 0.416671 0.369626 0.397904 0.287467 0.255437 0.318705 0.301206 0.291790 0.475171 0.310169 0.737786 0.466544 0.213782 0.313758 0.184734 0.286451 0.239127 0.212598 0.249218 0.338296 0.218348 0.416619 0.298486 0.254648 0.306205 0.355643 0.189374 0.263889 0.297663 0.293632 0.199831 0.263808 0.268656 0.274117 0.305947 0.204031 0.312894 0.207182 0.291365 0.252935 0.335465 0.190975 0.220342 0.098143 0.238152 
0.311682 0.337419 0.252395 0.612334 0.430226 0.262522 0.329911 0.538073 0.341573 1.000000 0.411062 0.394095 0.654669 0.338088 0.333796 0.499815 0.295460 0.320115 0.334612 0.383924 0.583000 0.572053 0.526942 0.457699 0.792793 0.305710 0.414714 0.412454 0.538359 0.336067 0.310485 0.291955 0.383215 0.329366 0.342141 0.185233 0.412350 0.309219 0.204036 0.313072 0.441148 0.225093 0.357860 0.382549 0.235253 0.350051 0.313144 0.297430 0.281812 0.337122 0.285326 0.206790 0.214038 0.379871 0.255097 0.324639 0.162519 0.405574 0.278698 0.264780 0.275644 0.358899 0.340782 0.301108 0.281995 0.380284 
0.286416 0.276123 0.263799 0.630439 0.336355 0.215493 0.317120 0.537457 0.266489 0.411062 1.000000 0.312772 0.634132 0.349960 0.269626 0.283558 0.280349 0.403602 0.280915 0.384853 0.664796 0.323905 0.303986 0.288164 0.419044 0.232189 0.316695 0.348763 0.339083 0.289825 0.278044 0.252923 0.274042 0.230108 0.293254 0.261902 0.484380 0.191158 0.147307 0.299225 0.406909 0.263167 0.300985 0.533449 0.285023 0.413294 0.333461 0.214375 0.331636 0.230886 0.264136 0.229123 0.271523 0.502275 0.244120 0.344375 0.242244 0.333615 0.170451 0.286914 0.301060 0.310743 0.170395 0.203399 0.174978 0.173509 
0.329336 0.382512 0.272528 0.307401 0.684802 0.286825 0.406995 0.297260 0.634321 0.394095 0.312772 1.000000 0.362020 0.668500 0.436686 0.285884 0.392538 0.273227 0.447814 0.454157 0.287175 0.367094 0.332028 0.337328 0.336668 0.391428 0.348746 0.348855 0.342239 0.349186 0.327713 0.659352 0.342416 0.256159 0.397102 0.324030 0.254049 0.225557 0.293794 0.194735 0.330861 0.165710 0.420138 0.276472 0.310341 0.276486 0.479828 0.199585 0.270157 0.215684 0.306475 0.306259 0.250076 0.244169 0.314224 0.323141 0.263069 0.297243 0.319334 0.324634 0.247588 0.313673 0.280930 0.270942 0.144533 0.345211 
0.342250 0.316912 0.201358 0.707523 0.373281 0.228540 0.430837 0.504043 0.339680 0.654669 0.634132 0.362020 1.000000 0.376094 0.370583 0.283697 0.408514 0.397821 0.345659 0.396382 0.763191 0.374679 0.300498 0.300442 0.465596 0.271173 0.403423 0.358744 0.328674 0.360889 0.300827 0.276835 0.374827 0.316845 0.327678 0.192819 0.492102 0.251495 0.096754 0.342312 0.441109 0.296574 0.321835 0.446654 0.261599 0.414499 0.351658 0.329650 0.263537 0.284471 0.256978 0.238000 0.256351 0.483129 0.239106 0.294778 0.163327 0.350507 0.229103 0.261122 0.272902 0.351252 0.290292 0.247010 0.238308 0.330886 
0.304458 0.335456 0.267184 0.278017 0.415085 0.367051 0.256238 0.283148 0.330803 0.338088 0.349960 0.668500 0.376094 1.000000 0.272671 0.257766 0.270250 0.341282 0.472114 0.308960 0.271025 0.334638 0.287092 0.299312 0.272351 0.512463 0.306183 0.335264 0.295223 0.296791 0.317523 0.304079 0.290013 0.179096 0.342271 0.347316 0.233938 0.170730 0.260716 0.190217 0.261213 0.175052 0.268422 0.330705 0.377671 0.262130 0.663207 0.197219 0.266740 0.173170 0.289694 0.255536 0.155655 0.265405 0.259208 0.292370 0.208697 0.287543 0.433612 0.327088 0.255187 0.288323 0.211412 0.179931 0.166225 0.256452 
0.618565 0.279056 0.139915 0.259879 0.507897 0.233116 0.620793 0.287222 0.780669 0.333796 0.269626 0.436686 0.370583 0.272671 1.000000 0.290257 0.623491 0.275970 0.313146 0.358647 0.252148 0.384233 0.307049 0.332870 0.240372 0.244809 0.322639 0.314325 0.233626 0.742946 0.336523 0.716164 0.697262 0.243742 0.315078 0.177805 0.239333 0.213597 0.175389 0.291034 0.340705 0.240322 0.365462 0.328585 0.229842 0.332456 0.314448 0.207451 0.245243 0.297950 0.252798 0.180121 0.248714 0.248627 0.297709 0.276679 0.229554 0.248871 0.184180 0.230916 0.197234 0.321039 0.217815 0.218261 0.113618 0.254603 
0.256734 0.360991 0.351978 0.306622 0.374904 0.129977 0.240907 0.348720 0.312761 0.499815 0.283558 0.285884 0.283697 0.257766 0.290257 1.000000 0.267415 0.268136 0.232773 0.304769 0.276259 0.646369 0.867373 0.640336 0.557228 0.183456 0.384050 0.378848 0.567491 0.298845 0.286846 0.318569 0.316230 0.280394 0.364010 0.246771 0.329813 0.225464 0.169030 0.160688 0.416172 0.134858 0.333916 0.293032 0.177245 0.229197 0.289467 0.200946 0.497680 0.181253 0.239987 0.221681 0.180474 0.328935 0.295343 0.551884 0.226500 0.345472 0.128801 0.244903 0.239636 0.322451 0.258953 0.327702 0.186459 0.254564 
0.479482 0.301078 0.147785 0.288956 0.553784 0.147664 0.825837 0.261768 0.553265 0.295460 0.280349 0.392538 0.408514 0.270250 0.623491 0.267415 1.000000 0.257367 0.265621 0.363023 0.321697 0.299011 0.258940 0.286138 0.239334 0.196327 0.283835 0.287247 0.223677 0.536789 0.311907 0.570216 0.536458 0.286998 0.277204 0.190853 0.305395 0.248902 0.153906 0.380444 0.341065 0.366431 0.464416 0.360812 0.273370 0.371427 0.318945 0.350840 0.203583 0.321011 0.269527 0.185606 0.223418 0.316158 0.230757 0.223518 0.172318 0.321898 0.147545 0.140144 0.186866 0.355260 0.259313 0.174124 0.194448 0.302262 
0.249753 0.218210 0.519590 0.394018 0.288239 0.459780 0.265742 0.360458 0.332408 0.320115 0.403602 0.273227 0.397821 0.341282 0.275970 0.268136 0.257367 1.000000 0.475316 0.566324 0.369844 0.344042 0.240593 0.424563 0.307278 0.280295 0.382678 0.330289 0.339227 0.324601 0.262246 0.239156 0.384723 0.221177 0.250447 0.229763 0.299838 0.209000 0.210246 0.237877 0.338766 0.201208 0.260563 0.319102 0.338266 0.254869 0.391734 0.207088 0.261278 0.207252 0.195782 0.199606 0.167981 0.312992 0.228254 0.242656 0.179807 0.337341 0.356435 0.253187 0.272733 0.314202 0.174195 0.211859 0.126780 0.142168 
0.306568 0.262479 0.288054 0.266116 0.359538 0.440062 0.286175 0.322239 0.384910 0.334612 0.280915 0.447814 0.345659 0.472114 0.313146 0.232773 0.265621 0.475316 1.000000 0.527398 0.249037 0.340103 0.235304 0.300906 0.273987 0.366906 0.277155 0.350670 0.310964 0.350893 0.329731 0.268686 0.358978 0.137593 0.296046 0.202953 0.183286 0.133914 0.260478 0.140416 0.248055 0.079305 0.246803 0.263372 0.199361 0.197701 0.326090 0.115713 0.242970 0.148744 0.155211 0.155458 0.101745 0.201126 0.237908 0.238201 0.195615 0.233609 0.339352 0.246425 0.318405 0.262770 0.123136 0.153803 0.064389 0.139706 
0.286776 0.346774 0.222649 0.348284 0.497466 0.251998 0.374897 0.362582 0.423941 0.383924 0.384853 0.454157 0.396382 0.308960 0.358647 0.304769 0.363023 0.566324 0.527398 1.000000 0.329744 0.419567 0.317534 0.353416 0.330930 0.319085 0.464357 0.377958 0.383488 0.348811 0.341841 0.370867 0.350255 0.210419 0.377113 0.263191 0.286736 0.230127 0.180650 0.170167 0.294246 0.140848 0.271132 0.268599 0.218772 0.260721 0.312391 0.179338 0.252381 0.198940 0.274866 0.249035 0.286041 0.254105 0.234478 0.252745 0.183454 0.224499 0.202560 0.275709 0.257884 0.303818 0.195478 0.250494 0.085966 0.216642 
0.257910 0.240560 0.210220 0.962763 0.335256 0.216552 0.327000 0.485527 0.279676 0.583000 0.664796 0.287175 0.763191 0.271025 0.252148 0.276259 0.321697 0.369844 0.249037 0.329744 1.000000 0.302961 0.294392 0.254666 0.597449 0.218007 0.343183 0.342203 0.362820 0.213310 0.212228 0.204996 0.216234 0.258261 0.232444 0.132283 0.678801 0.220800 0.116301 0.352989 0.422836 0.307453 0.365800 0.527194 0.280325 0.461235 0.310662 0.270960 0.306283 0.237214 0.191163 0.205494 0.228241 0.602066 0.171245 0.297428 0.138985 0.420100 0.203381 0.261357 0.277707 0.308106 0.203788 0.204228 0.210898 0.221107 
0.341228 0.365812 0.349191 0.331689 0.464702 0.200822 0.302344 0.383207 0.416671 0.572053 0.323905 0.367094 0.374679 0.334638 0.384233 0.646369 0.299011 0.344042 0.340103 0.419567 0.302961 1.000000 0.610430 0.826431 0.465073 0.281946 0.477785 0.425940 0.464156 0.367647 0.393695 0.397011 0.398849 0.293977 0.359578 0.230707 0.272353 0.267306 0.146136 0.182103 0.414193 0.160368 0.265986 0.288272 0.197455 0.235754 0.327283 0.221814 0.233416 0.239466 0.245880 0.201365 0.218058 0.249018 0.394914 0.296378 0.235427 0.252128 0.224759 0.270403 0.237915 0.365149 0.301348 0.359933 0.153455 0.325259 
0.256137 0.476628 0.361050 0.311300 0.454451 0.170341 0.249913 0.320948 0.369626 0.526942 0.303986 0.332028 0.300498 0.287092 0.307049 0.867373 0.258940 0.240593 0.235304 0.317534 0.294392 0.610430 1.000000 0.607501 0.499663 0.219349 0.348927 0.324558 0.429207 0.312362 0.316779 0.374765 0.335377 0.213026 0.462432 0.237216 0.348278 0.282844 0.183664 0.180333 0.394620 0.131644 0.395726 0.311654 0.207772 0.249668 0.318350 0.165934 0.520640 0.200632 0.208391 0.207522 0.157189 0.347872 0.295510 0.668818 0.230604 0.384350 0.179140 0.276705 0.265623 0.350906 0.230176 0.293479 0.246071 0.251999 
0.252795 0.368327 0.584789 0.283854 0.405240 0.191978 0.297911 0.315721 0.397904 0.457699 0.288164 0.337328 0.300442 0.299312 0.332870 0.640336 0.286138 0.424563 0.300906 0.353416 0.254666 0.826431 0.607501 1.000000 0.379900 0.242717 0.367612 0.316800 0.362237 0.295082 0.251988 0.358200 0.320288 0.241060 0.293567 0.277783 0.249120 0.227838 0.110011 0.165317 0.356833 0.133949 0.255514 0.263033 0.197697 0.215498 0.293206 0.199829 0.217302 0.227821 0.237695 0.149950 0.175571 0.244829 0.377596 0.248994 0.260539 0.252105 0.181987 0.248118 0.204059 0.311029 0.241179 0.312463 0.149902 0.259293 
0.236273 0.259132 0.272257 0.679239 0.382241 0.192798 0.266759 0.564616 0.287467 0.792793 0.419044 0.336668 0.465596 0.272351 0.240372 0.557228 0.239334 0.307278 0.273987 0.330930 0.597449 0.465073 0.499663 0.379900 1.000000 0.231562 0.415817 0.433857 0.797970 0.227204 0.220628 0.249711 0.245635 0.292313 0.250891 0.144901 0.504894 0.211600 0.230162 0.253063 0.386640 0.186658 0.434452 0.367654 0.267891 0.320198 0.320798 0.212993 0.359321 0.257467 0.223205 0.255538 0.179351 0.428527 0.227089 0.381685 0.151987 0.558272 0.206364 0.218496 0.257980 0.384659 0.257694 0.267631 0.194394 0.272891 
0.225324 0.303292 0.184906 0.221455 0.361559 0.670800 0.161886 0.227956 0.255437 0.305710 0.232189 0.391428 0.271173 0.512463 0.244809 0.183456 0.196327 0.280295 0.366906 0.319085 0.218007 0.281946 0.219349 0.242717 0.231562 1.000000 0.440594 0.428769 0.214673 0.275030 0.214229 0.239319 0.254447 0.108412 0.275076 0.247503 0.168668 0.155719 0.404896 0.121671 0.169814 0.090006 0.278048 0.217371 0.237632 0.169692 0.308300 0.125801 0.183482 0.093120 0.208373 0.193674 0.058400 0.181030 0.204305 0.209310 0.210178 0.209272 0.671221 0.233874 0.247873 0.158368 0.175767 0.140663 0.167125 0.225015 
0.260971 0.455820 0.286280 0.391539 0.388072 0.314337 0.207067 0.409857 0.318705 0.414714 0.316695 0.348746 0.403423 0.306183 0.322639 0.384050 0.283835 0.382678 0.277155 0.464357 0.343183 0.477785 0.348927 0.367612 0.415817 0.440594 1.000000 0.670605 0.426537 0.345753 0.306133 0.314472 0.340678 0.231249 0.365820 0.247060 0.328796 0.251031 0.216369 0.197898 0.298609 0.147741 0.291874 0.256473 0.277076 0.229543 0.408835 0.178182 0.317026 0.237704 0.280439 0.302692 0.237423 0.285111 0.301897 0.329326 0.247058 0.304083 0.205772 0.226386 0.240448 0.338337 0.241120 0.258810 0.100901 0.273912 
0.265322 0.458254 0.199411 0.392806 0.372518 0.457942 0.213303 0.406951 0.301206 0.412454 0.348763 0.348855 0.358744 0.335264 0.314325 0.378848 0.287247 0.330289 0.350670 0.377958 0.342203 0.425940 0.324558 0.316800 0.433857 0.428769 0.670605 1.000000 0.413401 0.313336 0.287782 0.267308 0.315870 0.211462 0.396433 0.264734 0.374090 0.212828 0.301832 0.187696 0.319170 0.131011 0.341201 0.334483 0.285016 0.260172 0.392997 0.138441 0.352842 0.250313 0.267709 0.238489 0.251497 0.339694 0.298973 0.329274 0.288768 0.340529 0.281433 0.255839 0.462282 0.321451 0.190919 0.213948 0.101794 0.225749 
0.228967 0.279087 0.312774 0.456562 0.354578 0.142916 0.221676 0.579863 0.291790 0.538359 0.339083 0.342239 0.328674 0.295223 0.233626 0.567491 0.223677 0.339227 0.310964 0.383488 0.362820 0.464156 0.429207 0.362237 0.797970 0.214673 0.426537 0.413401 1.000000 0.245953 0.263478 0.260434 0.264072 0.243340 0.253923 0.180290 0.378823 0.147163 0.218619 0.145516 0.366281 0.128970 0.309395 0.298885 0.244207 0.228901 0.331190 0.167926 0.340316 0.185246 0.225896 0.279361 0.173336 0.326870 0.238776 0.314800 0.140571 0.403635 0.153145 0.163767 0.212736 0.375910 0.231886 0.272396 0.111439 0.252855 
0.846710 0.312983 0.171788 0.224994 0.432430 0.270722 0.413698 0.386791 0.475171 0.336067 0.289825 0.349186 0.360889 0.296791 0.742946 0.298845 0.536789 0.324601 0.350893 0.348811 0.213310 0.367647 0.312362 0.295082 0.227204 0.275030 0.345753 0.313336 0.245953 1.000000 0.625938 0.516837 0.937312 0.218647 0.375448 0.201993 0.171584 0.235751 0.183843 0.292431 0.349607 0.200877 0.329546 0.300233 0.224798 0.332588 0.313887 0.170042 0.283870 0.320529 0.252055 0.184646 0.233612 0.213976 0.309419 0.325312 0.259185 0.205258 0.253460 0.212109 0.202106 0.330039 0.200005 0.216021 0.106002 0.240437 
0.713457 0.328189 0.218159 0.225007 0.426515 0.185137 0.253432 0.435837 0.310169 0.310485 0.278044 0.327713 0.300827 0.317523 0.336523 0.286846 0.311907 0.262246 0.329731 0.341841 0.212228 0.393695 0.316779 0.251988 0.220628 0.214229 0.306133 0.287782 0.263478 0.625938 1.000000 0.275576 0.652193 0.226617 0.379835 0.197451 0.246112 0.213909 0.143139 0.178942 0.335598 0.131229 0.287283 0.306133 0.105345 0.298615 0.224592 0.177861 0.351623 0.227097 0.237696 0.154787 0.198599 0.264472 0.276091 0.343979 0.236315 0.214668 0.222923 0.276036 0.295264 0.301754 0.244000 0.271830 0.098496 0.282635 
0.379471 0.328463 0.218398 0.210060 0.726311 0.194776 0.547223 0.222334 0.737786 0.291955 0.252923 0.659352 0.276835 0.304079 0.716164 0.318569 0.570216 0.239156 0.268686 0.370867 0.204996 0.397011 0.374765 0.358200 0.249711 0.239319 0.314472 0.267308 0.260434 0.516837 0.275576 1.000000 0.479003 0.213088 0.336340 0.187383 0.216527 0.157626 0.239181 0.180853 0.274342 0.170621 0.414104 0.270845 0.257648 0.235791 0.338500 0.143247 0.255538 0.194634 0.210954 0.223912 0.200159 0.211034 0.308564 0.323979 0.266107 0.260507 0.214238 0.224737 0.221298 0.293897 0.209386 0.228840 0.092651 0.254253 
0.781403 0.336136 0.211306 0.224461 0.417563 0.273273 0.411755 0.351252 0.466544 0.383215 0.274042 0.342416 0.374827 0.290013 0.697262 0.316230 0.536458 0.384723 0.358978 0.350255 0.216234 0.398849 0.335377 0.320288 0.245635 0.254447 0.340678 0.315870 0.264072 0.937312 0.652193 0.479003 1.000000 0.267702 0.390197 0.224263 0.175114 0.251431 0.178884 0.322889 0.390375 0.226627 0.346684 0.308509 0.218030 0.349445 0.305097 0.220068 0.307386 0.350481 0.263569 0.183731 0.236701 0.226276 0.345309 0.334634 0.290221 0.244035 0.262083 0.218959 0.226821 0.360860 0.259175 0.245057 0.139703 0.304917 
0.241928 0.202218 0.124335 0.261024 0.216779 0.025382 0.228098 0.283566 0.213782 0.329366 0.230108 0.256159 0.316845 0.179096 0.243742 0.280394 0.286998 0.221177 0.137593 0.210419 0.258261 0.293977 0.213026 0.241060 0.292313 0.108412 0.231249 0.211462 0.243340 0.218647 0.226617 0.213088 0.267702 1.000000 0.258366 0.177221 0.257357 0.206820 0.088045 0.476832 0.650336 0.555816 0.283506 0.316441 0.172788 0.488893 0.210741 0.770084 0.256236 0.296981 0.202530 0.338108 0.230005 0.295740 0.259657 0.203248 0.186392 0.187189 0.167579 0.296801 0.220167 0.205331 0.863981 0.639414 0.379445 0.744598 
0.329020 0.789083 0.240079 0.266781 0.389989 0.171910 0.215704 0.257148 0.313758 0.342141 0.293254 0.397102 0.327678 0.342271 0.315078 0.364010 0.277204 0.250447 0.296046 0.377113 0.232444 0.359578 0.462432 0.293567 0.250891 0.275076 0.365820 0.396433 0.253923 0.375448 0.379835 0.336340 0.390197 0.258366 1.000000 0.532191 0.349417 0.314814 0.150376 0.177391 0.399649 0.178504 0.354955 0.348097 0.260119 0.293794 0.394061 0.227677 0.417603 0.190993 0.289489 0.306240 0.258359 0.308161 0.375385 0.513625 0.360206 0.321250 0.336485 0.436760 0.413889 0.363348 0.257063 0.327132 0.243699 0.290295 
0.199560 0.332067 0.285441 0.153451 0.269903 0.169971 0.167453 0.167667 0.184734 0.185233 0.261902 0.324030 0.192819 0.347316 0.177805 0.246771 0.190853 0.229763 0.202953 0.263191 0.132283 0.230707 0.237216 0.277783 0.144901 0.247503 0.247060 0.264734 0.180290 0.201993 0.197451 0.187383 0.224263 0.177221 0.532191 1.000000 0.241233 0.196994 0.145597 0.171893 0.244863 0.150683 0.215768 0.258479 0.142493 0.265745 0.241204 0.180543 0.356495 0.177242 0.336388 0.183079 0.237339 0.245864 0.282494 0.353490 0.410684 0.206483 0.194137 0.392400 0.235603 0.187704 0.182902 0.189935 0.149464 0.190207 
0.234834 0.337774 0.235230 0.722713 0.326929 0.174660 0.328337 0.428768 0.286451 0.412350 0.484380 0.254049 0.492102 0.233938 0.239333 0.329813 0.305395 0.299838 0.183286 0.286736 0.678801 0.272353 0.348278 0.249120 0.504894 0.168668 0.328796 0.374090 0.378823 0.171584 0.246112 0.216527 0.175114 0.257357 0.349417 0.241233 1.000000 0.220910 0.118501 0.289452 0.428713 0.261368 0.508304 0.535034 0.272082 0.474231 0.300088 0.254535 0.362120 0.261327 0.195745 0.200812 0.216172 0.844666 0.208535 0.368054 0.181787 0.617487 0.147353 0.271998 0.271459 0.383594 0.265326 0.221475 0.218030 0.311955 
0.288724 0.322547 0.162165 0.235048 0.246882 0.142006 0.190074 0.256722 0.239127 0.309219 0.191158 0.225557 0.251495 0.170730 0.213597 0.225464 0.248902 0.209000 0.133914 0.230127 0.220800 0.267306 0.282844 0.227838 0.211600 0.155719 0.251031 0.212828 0.147163 0.235751 0.213909 0.157626 0.251431 0.206820 0.314814 0.196994 0.220910 1.000000 0.152773 0.409151 0.299577 0.262406 0.236017 0.196335 0.395066 0.269544 0.322557 0.284847 0.247022 0.401611 0.237138 0.333862 0.358066 0.197126 0.223767 0.319624 0.207509 0.224971 0.205984 0.250734 0.124745 0.251095 0.219590 0.247731 0.497114 0.207436 
0.162158 0.161583 0.228497 0.132456 0.230270 0.572841 0.122504 0.146895 0.212598 0.204036 0.147307 0.293794 0.096754 0.260716 0.175389 0.169030 0.153906 0.210246 0.260478 0.180650 0.116301 0.146136 0.183664 0.110011 0.230162 0.404896 0.216369 0.301832 0.218619 0.183843 0.143139 0.239181 0.178884 0.088045 0.150376 0.145597 0.118501 0.152773 1.000000 0.190069 0.083373 0.124056 0.174714 0.181075 0.184279 0.126435 0.248414 0.099323 0.206463 0.177807 0.296567 0.282936 0.117964 0.117470 0.147970 0.218028 0.177640 0.178835 0.436716 0.152576 0.274487 0.104235 0.148992 0.127270 0.148487 0.180778 
0.318654 0.169318 0.097600 0.337545 0.177055 0.175153 0.316211 0.297896 0.249218 0.313072 0.299225 0.194735 0.342312 0.190217 0.291034 0.160688 0.380444 0.237877 0.140416 0.170167 0.352989 0.182103 0.180333 0.165317 0.253063 0.121671 0.197898 0.187696 0.145516 0.292431 0.178942 0.180853 0.322889 0.476832 0.177391 0.171893 0.289452 0.409151 0.190069 1.000000 0.367914 0.885727 0.199938 0.374771 0.284242 0.568664 0.259040 0.704270 0.239996 0.692998 0.142477 0.178591 0.129812 0.298744 0.115680 0.219234 0.124048 0.203153 0.128654 0.187064 0.115771 0.208822 0.358689 0.150949 0.591068 0.285090 
0.370621 0.354081 0.239745 0.424403 0.361209 0.108780 0.302279 0.473439 0.338296 0.441148 0.406909 0.330861 0.441109 0.261213 0.340705 0.416172 0.341065 0.338766 0.248055 0.294246 0.422836 0.414193 0.394620 0.356833 0.386640 0.169814 0.298609 0.319170 0.366281 0.349607 0.335598 0.274342 0.390375 0.650336 0.399649 0.244863 0.428713 0.299577 0.083373 0.367914 1.000000 0.369348 0.461692 0.473338 0.270380 0.495493 0.304505 0.446585 0.406822 0.288588 0.273965 0.267945 0.259601 0.482100 0.398372 0.404790 0.287522 0.417019 0.199180 0.373192 0.350366 0.525541 0.491381 0.617097 0.250377 0.454263 
0.239006 0.145760 0.069428 0.282396 0.159119 0.094744 0.311963 0.222044 0.218348 0.225093 0.263167 0.165710 0.296574 0.175052 0.240322 0.134858 0.366431 0.201208 0.079305 0.140848 0.307453 0.160368 0.131644 0.133949 0.186658 0.090006 0.147741 0.131011 0.128970 0.200877 0.131229 0.170621 0.226627 0.555816 0.178504 0.150683 0.261368 0.262406 0.124056 0.885727 0.369348 1.000000 0.188165 0.346676 0.231789 0.493809 0.212790 0.817939 0.192384 0.514763 0.143638 0.168626 0.111152 0.276131 0.116979 0.159249 0.102796 0.146734 0.100656 0.177302 0.080403 0.153086 0.408436 0.193392 0.555145 0.319571 
0.322204 0.333402 0.199998 0.373738 0.542826 0.197675 0.379983 0.327438 0.416619 0.357860 0.300985 0.420138 0.321835 0.268422 0.365462 0.333916 0.464416 0.260563 0.246803 0.271132 0.365800 0.265986 0.395726 0.255514 0.434452 0.278048 0.291874 0.341201 0.309395 0.329546 0.287283 0.414104 0.346684 0.283506 0.354955 0.215768 0.508304 0.236017 0.174714 0.199938 0.461692 0.188165 1.000000 0.385519 0.309966 0.540203 0.317990 0.184968 0.422648 0.168345 0.193917 0.253100 0.152895 0.572132 0.446639 0.534977 0.391830 0.757500 0.254287 0.302434 0.303499 0.530042 0.266015 0.333819 0.131474 0.341862 
0.309341 0.306531 0.210540 0.506708 0.300376 0.188560 0.338135 0.367776 0.298486 0.382549 0.533449 0.276472 0.446654 0.330705 0.328585 0.293032 0.360812 0.319102 0.263372 0.268599 0.527194 0.288272 0.311654 0.263033 0.367654 0.217371 0.256473 0.334483 0.298885 0.300233 0.306133 0.270845 0.308509 0.316441 0.348097 0.258479 0.535034 0.196335 0.181075 0.374771 0.473338 0.346676 0.385519 1.000000 0.284070 0.588219 0.359145 0.338300 0.351345 0.201877 0.233722 0.213262 0.179713 0.644447 0.234628 0.339946 0.212223 0.404077 0.189602 0.293907 0.319561 0.295633 0.262761 0.209972 0.204883 0.273640 
0.170364 0.293539 0.256685 0.311041 0.257165 0.256276 0.177358 0.271808 0.254648 0.235253 0.285023 0.310341 0.261599 0.377671 0.229842 0.177245 0.273370 0.338266 0.199361 0.218772 0.280325 0.197455 0.207772 0.197697 0.267891 0.237632 0.277076 0.285016 0.244207 0.224798 0.105345 0.257648 0.218030 0.172788 0.260119 0.142493 0.272082 0.395066 0.184279 0.284242 0.270380 0.231789 0.309966 0.284070 1.000000 0.297232 0.843702 0.164097 0.207871 0.200733 0.178703 0.607925 0.222345 0.268070 0.224187 0.232866 0.156672 0.300218 0.450779 0.293755 0.207848 0.279020 0.128941 0.217491 0.225750 0.144979 
0.365738 0.253974 0.136136 0.446163 0.302627 0.144107 0.325198 0.422444 0.306205 0.350051 0.413294 0.276486 0.414499 0.262130 0.332456 0.229197 0.371427 0.254869 0.197701 0.260721 0.461235 0.235754 0.249668 0.215498 0.320198 0.169692 0.229543 0.260172 0.228901 0.332588 0.298615 0.235791 0.349445 0.488893 0.293794 0.265745 0.474231 0.269544 0.126435 0.568664 0.495493 0.493809 0.540203 0.588219 0.297232 1.000000 0.315478 0.456476 0.326842 0.289181 0.221750 0.211295 0.196951 0.686994 0.202887 0.290968 0.197668 0.348229 0.153048 0.251341 0.230048 0.269731 0.379132 0.250874 0.284414 0.393051 
0.257432 0.414698 0.329036 0.341962 0.370902 0.288019 0.250892 0.332253 0.355643 0.313144 0.333461 0.479828 0.351658 0.663207 0.314448 0.289467 0.318945 0.391734 0.326090 0.312391 0.310662 0.327283 0.318350 0.293206 0.320798 0.308300 0.408835 0.392997 0.331190 0.313887 0.224592 0.338500 0.305097 0.210741 0.394061 0.241204 0.300088 0.322557 0.248414 0.259040 0.304505 0.212790 0.317990 0.359145 0.843702 0.315478 1.000000 0.186585 0.273563 0.230744 0.245342 0.519031 0.190932 0.298299 0.279313 0.313922 0.183785 0.331000 0.462530 0.383042 0.284982 0.347672 0.198259 0.261025 0.186821 0.217084 
0.222465 0.183563 0.106178 0.261436 0.170071 0.065863 0.287135 0.215965 0.189374 0.297430 0.214375 0.199585 0.329650 0.197219 0.207451 0.200946 0.350840 0.207088 0.115713 0.179338 0.270960 0.221814 0.165934 0.199829 0.212993 0.125801 0.178182 0.138441 0.167926 0.170042 0.177861 0.143247 0.220068 0.770084 0.227677 0.180543 0.254535 0.284847 0.099323 0.704270 0.446585 0.817939 0.184968 0.338300 0.164097 0.456476 0.186585 1.000000 0.228103 0.432288 0.141139 0.232190 0.100692 0.268024 0.161680 0.153280 0.133870 0.151488 0.137515 0.224229 0.127249 0.174608 0.710674 0.325091 0.652010 0.605082 
0.249273 0.340981 0.231300 0.321068 0.315219 0.192166 0.150438 0.310098 0.263889 0.281812 0.331636 0.270157 0.263537 0.266740 0.245243 0.497680 0.203583 0.261278 0.242970 0.252381 0.306283 0.233416 0.520640 0.217302 0.359321 0.183482 0.317026 0.352842 0.340316 0.283870 0.351623 0.255538 0.307386 0.256236 0.417603 0.356495 0.362120 0.247022 0.206463 0.239996 0.406822 0.192384 0.422648 0.351345 0.207871 0.326842 0.273563 0.228103 1.000000 0.231344 0.242367 0.268525 0.199197 0.349603 0.516866 0.865700 0.676854 0.494367 0.201816 0.353150 0.410580 0.459470 0.216541 0.249562 0.204154 0.202918 
0.317303 0.176329 0.128741 0.262594 0.234691 0.161125 0.302362 0.309209 0.297663 0.337122 0.230886 0.215684 0.284471 0.173170 0.297950 0.181253 0.321011 0.207252 0.148744 0.198940 0.237214 0.239466 0.200632 0.227821 0.257467 0.093120 0.237704 0.250313 0.185246 0.320529 0.227097 0.194634 0.350481 0.296981 0.190993 0.177242 0.261327 0.401611 0.177807 0.692998 0.288588 0.514763 0.168345 0.201877 0.200733 0.289181 0.230744 0.432288 0.231344 1.000000 0.224853 0.219368 0.227130 0.198710 0.200438 0.239899 0.149891 0.230808 0.078203 0.275641 0.134641 0.288319 0.264048 0.168396 0.420369 0.225851 
0.226173 0.283930 0.190325 0.196016 0.259187 0.140045 0.235740 0.212820 0.293632 0.285326 0.264136 0.306475 0.256978 0.289694 0.252798 0.239987 0.269527 0.195782 0.155211 0.274866 0.191163 0.245880 0.208391 0.237695 0.223205 0.208373 0.280439 0.267709 0.225896 0.252055 0.237696 0.210954 0.263569 0.202530 0.289489 0.336388 0.195745 0.237138 0.296567 0.142477 0.273965 0.143638 0.193917 0.233722 0.178703 0.221750 0.245342 0.141139 0.242367 0.224853 1.000000 0.268130 0.653427 0.208192 0.255987 0.221708 0.265760 0.217186 0.123254 0.314273 0.197402 0.240405 0.214513 0.276402 0.126744 0.284090 
0.167243 0.283938 0.172072 0.222196 0.254465 0.179209 0.134752 0.204824 0.199831 0.206790 0.229123 0.306259 0.238000 0.255536 0.180121 0.221681 0.185606 0.199606 0.155458 0.249035 0.205494 0.201365 0.207522 0.149950 0.255538 0.193674 0.302692 0.238489 0.279361 0.184646 0.154787 0.223912 0.183731 0.338108 0.306240 0.183079 0.200812 0.333862 0.282936 0.178591 0.267945 0.168626 0.253100 0.213262 0.607925 0.211295 0.519031 0.232190 0.268525 0.219368 0.268130 1.000000 0.453909 0.148047 0.248369 0.271888 0.226136 0.209648 0.354788 0.273279 0.149224 0.205030 0.313693 0.327829 0.194422 0.307010 
0.220925 0.220819 0.095265 0.235584 0.235256 0.076036 0.206989 0.195276 0.263808 0.214038 0.271523 0.250076 0.256351 0.155655 0.248714 0.180474 0.223418 0.167981 0.101745 0.286041 0.228241 0.218058 0.157189 0.175571 0.179351 0.058400 0.237423 0.251497 0.173336 0.233612 0.198599 0.200159 0.236701 0.230005 0.258359 0.237339 0.216172 0.358066 0.117964 0.129812 0.259601 0.111152 0.152895 0.179713 0.222345 0.196951 0.190932 0.100692 0.199197 0.227130 0.653427 0.453909 1.000000 0.158891 0.216634 0.164032 0.198920 0.144474 0.099432 0.294753 0.116290 0.204400 0.173787 0.342801 0.118789 0.202385 
0.257133 0.279154 0.193038 0.615581 0.319632 0.183159 0.338271 0.447697 0.268656 0.379871 0.502275 0.244169 0.483129 0.265405 0.248627 0.328935 0.316158 0.312992 0.201126 0.254105 0.602066 0.249018 0.347872 0.244829 0.428527 0.181030 0.285111 0.339694 0.326870 0.213976 0.264472 0.211034 0.226276 0.295740 0.308161 0.245864 0.844666 0.197126 0.117470 0.298744 0.482100 0.276131 0.572132 0.644447 0.268070 0.686994 0.298299 0.268024 0.349603 0.198710 0.208192 0.148047 0.158891 1.000000 0.218938 0.373778 0.190380 0.572235 0.155242 0.234436 0.229071 0.339902 0.278689 0.193657 0.194436 0.318102 
0.264748 0.360460 0.240746 0.170883 0.345454 0.156356 0.154427 0.209646 0.274117 0.255097 0.244120 0.314224 0.239106 0.259208 0.297709 0.295343 0.230757 0.228254 0.237908 0.234478 0.171245 0.394914 0.295510 0.377596 0.227089 0.204305 0.301897 0.298973 0.238776 0.309419 0.276091 0.308564 0.345309 0.259657 0.375385 0.282494 0.208535 0.223767 0.147970 0.115680 0.398372 0.116979 0.446639 0.234628 0.224187 0.202887 0.279313 0.161680 0.516866 0.200438 0.255987 0.248369 0.216634 0.218938 1.000000 0.548061 0.814153 0.433036 0.228236 0.380916 0.318671 0.661808 0.262425 0.459961 0.103990 0.305327 
0.264636 0.405820 0.219769 0.312872 0.402287 0.190636 0.171157 0.305984 0.305947 0.324639 0.344375 0.323141 0.294778 0.292370 0.276679 0.551884 0.223518 0.242656 0.238201 0.252745 0.297428 0.296378 0.668818 0.248994 0.381685 0.209310 0.329326 0.329274 0.314800 0.325312 0.343979 0.323979 0.334634 0.203248 0.513625 0.353490 0.368054 0.319624 0.218028 0.219234 0.404790 0.159249 0.534977 0.339946 0.232866 0.290968 0.313922 0.153280 0.865700 0.239899 0.221708 0.271888 0.164032 0.373778 0.548061 1.000000 0.646606 0.556150 0.220960 0.343284 0.349132 0.486980 0.180208 0.265919 0.206525 0.180896 
0.206058 0.301059 0.201095 0.135034 0.282705 0.172634 0.093595 0.131498 0.204031 0.162519 0.242244 0.263069 0.163327 0.208697 0.229554 0.226500 0.172318 0.179807 0.195615 0.183454 0.138985 0.235427 0.230604 0.260539 0.151987 0.210178 0.247058 0.288768 0.140571 0.259185 0.236315 0.266107 0.290221 0.186392 0.360206 0.410684 0.181787 0.207509 0.177640 0.124048 0.287522 0.102796 0.391830 0.212223 0.156672 0.197668 0.183785 0.133870 0.676854 0.149891 0.265760 0.226136 0.198920 0.190380 0.814153 0.646606 1.000000 0.390544 0.217906 0.277381 0.340140 0.466058 0.174522 0.255963 0.110115 0.192279 
0.215444 0.334983 0.278080 0.447579 0.358947 0.191717 0.317541 0.352581 0.312894 0.405574 0.333615 0.297243 0.350507 0.287543 0.248871 0.345472 0.321898 0.337341 0.233609 0.224499 0.420100 0.252128 0.384350 0.252105 0.558272 0.209272 0.304083 0.340529 0.403635 0.205258 0.214668 0.260507 0.244035 0.187189 0.321250 0.206483 0.617487 0.224971 0.178835 0.203153 0.417019 0.146734 0.757500 0.404077 0.300218 0.348229 0.331000 0.151488 0.494367 0.230808 0.217186 0.209648 0.144474 0.572235 0.433036 0.556150 0.390544 1.000000 0.179051 0.300302 0.309706 0.702324 0.192384 0.226250 0.158085 0.241609 
0.221864 0.230289 0.242789 0.210628 0.299285 0.621917 0.092638 0.173651 0.207182 0.278698 0.170451 0.319334 0.229103 0.433612 0.184180 0.128801 0.147545 0.356435 0.339352 0.202560 0.203381 0.224759 0.179140 0.181987 0.206364 0.671221 0.205772 0.281433 0.153145 0.253460 0.222923 0.214238 0.262083 0.167579 0.336485 0.194137 0.147353 0.205984 0.436716 0.128654 0.199180 0.100656 0.254287 0.189602 0.450779 0.153048 0.462530 0.137515 0.201816 0.078203 0.123254 0.354788 0.099432 0.155242 0.228236 0.220960 0.217906 0.179051 1.000000 0.295280 0.284868 0.145621 0.208275 0.218220 0.200995 0.214003 
0.211605 0.324660 0.253545 0.268538 0.260473 0.201715 0.168915 0.255865 0.291365 0.264780 0.286914 0.324634 0.261122 0.327088 0.230916 0.244903 0.140144 0.253187 0.246425 0.275709 0.261357 0.270403 0.276705 0.248118 0.218496 0.233874 0.226386 0.255839 0.163767 0.212109 0.276036 0.224737 0.218959 0.296801 0.436760 0.392400 0.271998 0.250734 0.152576 0.187064 0.373192 0.177302 0.302434 0.293907 0.293755 0.251341 0.383042 0.224229 0.353150 0.275641 0.314273 0.273279 0.294753 0.234436 0.380916 0.343284 0.277381 0.300302 0.295280 1.000000 0.561362 0.332973 0.276669 0.470123 0.209920 0.268593 
0.195566 0.370168 0.240961 0.278908 0.268497 0.261187 0.169498 0.252226 0.252935 0.275644 0.301060 0.247588 0.272902 0.255187 0.197234 0.239636 0.186866 0.272733 0.318405 0.257884 0.277707 0.237915 0.265623 0.204059 0.257980 0.247873 0.240448 0.462282 0.212736 0.202106 0.295264 0.221298 0.226821 0.220167 0.413889 0.235603 0.271459 0.124745 0.274487 0.115771 0.350366 0.080403 0.303499 0.319561 0.207848 0.230048 0.284982 0.127249 0.410580 0.134641 0.197402 0.149224 0.116290 0.229071 0.318671 0.349132 0.340140 0.309706 0.284868 0.561362 1.000000 0.309814 0.182864 0.304343 0.123197 0.201965 
0.324528 0.395906 0.264836 0.323706 0.381328 0.130049 0.301796 0.355583 0.335465 0.358899 0.310743 0.313673 0.351252 0.288323 0.321039 0.322451 0.355260 0.314202 0.262770 0.303818 0.308106 0.365149 0.350906 0.311029 0.384659 0.158368 0.338337 0.321451 0.375910 0.330039 0.301754 0.293897 0.360860 0.205331 0.363348 0.187704 0.383594 0.251095 0.104235 0.208822 0.525541 0.153086 0.530042 0.295633 0.279020 0.269731 0.347672 0.174608 0.459470 0.288319 0.240405 0.205030 0.204400 0.339902 0.661808 0.486980 0.466058 0.702324 0.145621 0.332973 0.309814 1.000000 0.207849 0.340989 0.160252 0.260619 
0.206688 0.232402 0.160495 0.215046 0.223630 0.059398 0.187388 0.246317 0.190975 0.340782 0.170395 0.280930 0.290292 0.211412 0.217815 0.258953 0.259313 0.174195 0.123136 0.195478 0.203788 0.301348 0.230176 0.241179 0.257694 0.175767 0.241120 0.190919 0.231886 0.200005 0.244000 0.209386 0.259175 0.863981 0.257063 0.182902 0.265326 0.219590 0.148992 0.358689 0.491381 0.408436 0.266015 0.262761 0.128941 0.379132 0.198259 0.710674 0.216541 0.264048 0.214513 0.313693 0.173787 0.278689 0.262425 0.180208 0.174522 0.192384 0.208275 0.276669 0.182864 0.207849 1.000000 0.631170 0.462057 0.934045 
0.217950 0.271607 0.199559 0.214497 0.280519 0.038489 0.141677 0.300898 0.220342 0.301108 0.203399 0.270942 0.247010 0.179931 0.218261 0.327702 0.174124 0.211859 0.153803 0.250494 0.204228 0.359933 0.293479 0.312463 0.267631 0.140663 0.258810 0.213948 0.272396 0.216021 0.271830 0.228840 0.245057 0.639414 0.327132 0.189935 0.221475 0.247731 0.127270 0.150949 0.617097 0.193392 0.333819 0.209972 0.217491 0.250874 0.261025 0.325091 0.249562 0.168396 0.276402 0.327829 0.342801 0.193657 0.459961 0.265919 0.255963 0.226250 0.218220 0.470123 0.304343 0.340989 0.631170 1.000000 0.151792 0.603293 
0.172035 0.242512 0.136191 0.208366 0.091623 0.135765 0.143002 0.170134 0.098143 0.281995 0.174978 0.144533 0.238308 0.166225 0.113618 0.186459 0.194448 0.126780 0.064389 0.085966 0.210898 0.153455 0.246071 0.149902 0.194394 0.167125 0.100901 0.101794 0.111439 0.106002 0.098496 0.092651 0.139703 0.379445 0.243699 0.149464 0.218030 0.497114 0.148487 0.591068 0.250377 0.555145 0.131474 0.204883 0.225750 0.284414 0.186821 0.652010 0.204154 0.420369 0.126744 0.194422 0.118789 0.194436 0.103990 0.206525 0.110115 0.158085 0.200995 0.209920 0.123197 0.160252 0.462057 0.151792 1.000000 0.392552 
0.240215 0.296381 0.176425 0.234434 0.291109 0.076498 0.214873 0.250441 0.238152 0.380284 0.173509 0.345211 0.330886 0.256452 0.254603 0.254564 0.302262 0.142168 0.139706 0.216642 0.221107 0.325259 0.251999 0.259293 0.272891 0.225015 0.273912 0.225749 0.252855 0.240437 0.282635 0.254253 0.304917 0.744598 0.290295 0.190207 0.311955 0.207436 0.180778 0.285090 0.454263 0.319571 0.341862 0.273640 0.144979 0.393051 0.217084 0.605082 0.202918 0.225851 0.284090 0.307010 0.202385 0.318102 0.305327 0.180896 0.192279 0.241609 0.214003 0.268593 0.201965 0.260619 0.934045 0.603293 0.392552 1.000000 
