1.000000 0.191869 0.257479 0.300630 0.356000 0.318614 0.358609 0.685663 0.411936 0.411110 0.361624 0.362227 0.451832 0.316767 0.707382 0.237440 0.336010 0.354533 0.400262 0.523770 0.343886 0.475108 0.300930 0.345126 0.395532 0.378549 0.371792 0.318796 0.246558 0.751165 0.616243 0.323998 0.653876 0.377091 0.150473 0.202705 0.285804 0.161786 0.229271 0.154387 0.279218 0.322277 0.325475 0.382671 0.305307 0.272299 0.321085 0.419413 0.264182 0.211923 0.195245 0.105163 0.179084 0.187942 0.306862 0.287463 0.279297 0.320240 0.280913 0.263757 0.266651 0.323750 0.343861 0.379421 0.252491 0.347358 
0.191869 1.000000 0.428695 0.276011 0.192626 0.160641 0.109415 0.265535 0.141450 0.153830 0.229923 0.239763 0.181643 0.230542 0.110441 0.223018 0.115389 0.107789 0.153056 0.173905 0.279497 0.138722 0.331767 0.176761 0.196560 0.370185 0.284571 0.519119 0.204432 0.199775 0.170947 0.129781 0.168305 0.250821 0.695011 0.240725 0.424019 0.232899 0.146662 0.106035 0.197572 0.153355 0.271004 0.188017 0.402172 0.221401 0.350363 0.140523 0.171162 0.158523 0.354355 0.113754 0.309731 0.318713 0.228573 0.319600 0.160134 0.322530 0.179716 0.241493 0.418358 0.273253 0.202462 0.300606 0.262930 0.171444 
0.257479 0.428695 1.000000 0.307860 0.272009 0.259993 0.234359 0.277801 0.310353 0.215209 0.189069 0.117142 0.190101 0.140080 0.193502 0.311397 0.169615 0.216751 0.253154 0.174853 0.226616 0.225367 0.396722 0.352676 0.204047 0.243426 0.272846 0.320007 0.153281 0.286948 0.257961 0.237338 0.249429 0.128119 0.171816 0.286453 0.372918 0.108837 0.239974 0.166222 0.097947 0.045441 0.298466 0.140737 0.307207 0.194844 0.290615 0.089939 0.308709 0.117028 0.186164 0.128374 0.214298 0.201581 0.241567 0.332011 0.216103 0.274138 0.320770 0.248703 0.238808 0.351736 0.142753 0.204412 0.164596 0.143737 
0.300630 0.276011 0.307860 1.000000 0.173073 0.182722 0.208415 0.345456 0.196498 0.520050 0.363569 0.295727 0.356679 0.366188 0.265250 0.303783 0.237265 0.202608 0.259873 0.241467 0.787721 0.250528 0.354176 0.286167 0.736173 0.165198 0.317460 0.251373 0.540500 0.303567 0.330342 0.177802 0.312900 0.350611 0.235001 0.214979 0.569813 0.133430 0.165972 0.153173 0.341844 0.175920 0.324477 0.372523 0.255933 0.349058 0.374983 0.312244 0.320061 0.235714 0.134510 0.166582 0.140700 0.384733 0.225654 0.425951 0.152490 0.361375 0.226590 0.176829 0.177194 0.328418 0.291999 0.326885 0.243804 0.192244 
0.356000 0.192626 0.272009 0.173073 1.000000 0.466057 0.793075 0.298115 0.812299 0.323315 0.171554 0.524976 0.329302 0.379041 0.315248 0.205853 0.674371 0.230757 0.318119 0.319211 0.223203 0.271026 0.305531 0.282160 0.224429 0.310976 0.263149 0.218097 0.122792 0.350693 0.285787 0.784959 0.364322 0.223736 0.176024 0.179313 0.051065 0.091555 0.277254 0.203730 0.181593 0.253206 0.309475 0.245026 0.262181 0.227145 0.276525 0.294033 0.152117 0.237436 0.189597 0.286016 0.169250 0.130588 0.264883 0.233298 0.266144 0.234144 0.198080 0.191860 0.242368 0.144075 0.191031 0.148932 0.219473 0.342990 
0.318614 0.160641 0.259993 0.182722 0.466057 1.000000 0.416888 0.317074 0.478663 0.311242 0.146951 0.395504 0.257455 0.346236 0.268112 0.136089 0.378997 0.387384 0.451171 0.284350 0.151678 0.412130 0.109751 0.328860 0.216591 0.576775 0.273093 0.313078 0.147474 0.345093 0.292949 0.457317 0.379991 0.215545 0.127950 0.217847 0.136190 0.038712 0.727010 0.112511 0.092967 0.189537 0.194322 0.195730 0.270436 0.134670 0.334454 0.244692 0.207185 0.188555 0.268721 0.280606 0.202429 0.068617 0.269303 0.162886 0.284276 0.147787 0.467606 0.272196 0.439861 0.177232 0.244471 0.269601 0.289450 0.324803 
0.358609 0.109415 0.234359 0.208415 0.793075 0.416888 1.000000 0.310783 0.760851 0.267560 0.222045 0.351584 0.468802 0.294894 0.389044 0.170101 0.917933 0.220266 0.277799 0.251674 0.250147 0.331752 0.203956 0.225058 0.199601 0.240135 0.256966 0.206785 0.126527 0.387922 0.306411 0.687244 0.405783 0.255933 0.081804 0.203394 0.058635 0.145809 0.260158 0.291114 0.195995 0.197420 0.335651 0.233199 0.238712 0.338702 0.281982 0.293015 0.173579 0.292082 0.213419 0.266583 0.239591 0.115823 0.272730 0.214220 0.281539 0.227252 0.247317 0.244899 0.209430 0.177954 0.280225 0.241709 0.250144 0.452777 
0.685663 0.265535 0.277801 0.345456 0.298115 0.317074 0.310783 1.000000 0.264746 0.432220 0.415068 0.396864 0.566206 0.373526 0.415972 0.275929 0.311470 0.373096 0.416152 0.426948 0.437829 0.467073 0.343716 0.368454 0.455349 0.346943 0.440002 0.343159 0.327001 0.444102 0.612585 0.214179 0.484467 0.337285 0.175918 0.264981 0.349976 0.153838 0.215182 0.134747 0.223486 0.226006 0.303288 0.370050 0.298597 0.331552 0.362998 0.316779 0.276711 0.187774 0.212016 0.027296 0.147777 0.222284 0.264621 0.356468 0.276918 0.293515 0.236977 0.252220 0.303056 0.270170 0.252641 0.319714 0.251315 0.222907 
0.411936 0.141450 0.310353 0.196498 0.812299 0.478663 0.760851 0.264746 1.000000 0.311450 0.195758 0.432079 0.336020 0.317252 0.545133 0.206394 0.642840 0.318682 0.335635 0.316320 0.203105 0.337791 0.268183 0.297065 0.215051 0.328500 0.241000 0.231857 0.149602 0.512185 0.314266 0.761027 0.467217 0.242772 0.134323 0.169488 0.109645 0.096117 0.323907 0.214039 0.221787 0.220249 0.348365 0.260183 0.300407 0.288619 0.297761 0.293961 0.224162 0.228380 0.222329 0.276966 0.205784 0.185012 0.314290 0.241750 0.292081 0.263423 0.271870 0.228954 0.253017 0.213508 0.250366 0.219744 0.216664 0.439676 
0.411110 0.153830 0.215209 0.520050 0.323315 0.311242 0.267560 0.432220 0.311450 1.000000 0.312198 0.352053 0.466325 0.367495 0.328724 0.436990 0.274729 0.269321 0.393992 0.298867 0.498169 0.386909 0.455030 0.429136 0.849177 0.232864 0.357180 0.316480 0.571506 0.393145 0.408914 0.289334 0.436897 0.386212 0.159550 0.178449 0.239975 0.224226 0.278321 0.120910 0.247183 0.401504 0.329049 0.292131 0.267313 0.308542 0.348849 0.416020 0.274181 0.426283 0.064414 0.219947 0.126102 0.180858 0.195776 0.346868 0.188982 0.319143 0.202612 0.115137 0.323293 0.212183 0.363182 0.292900 0.407054 0.325323 
0.361624 0.229923 0.189069 0.363569 0.171554 0.146951 0.222045 0.415068 0.195758 0.312198 1.000000 0.224590 0.425464 0.233779 0.346297 0.243864 0.253410 0.233488 0.242305 0.272952 0.484113 0.243769 0.237548 0.279657 0.365347 0.176012 0.320382 0.281639 0.369009 0.322485 0.346185 0.196855 0.311059 0.397807 0.172708 0.199154 0.346381 0.237139 0.114100 0.141529 0.338954 0.196965 0.304835 0.529035 0.250885 0.324332 0.260279 0.409399 0.246949 0.166378 0.066305 0.075859 0.067955 0.295320 0.211141 0.315774 0.238160 0.327649 0.137301 0.164672 0.157277 0.256484 0.254665 0.283178 0.233273 0.238218 
0.362227 0.239763 0.117142 0.295727 0.524976 0.395504 0.351584 0.396864 0.432079 0.352053 0.224590 1.000000 0.303085 0.824052 0.247554 0.217032 0.346843 0.326308 0.497730 0.437122 0.305608 0.321786 0.259453 0.266377 0.281492 0.542738 0.366800 0.295516 0.241169 0.301242 0.324025 0.458235 0.325803 0.215337 0.264344 0.175690 0.275339 0.108899 0.328542 0.149457 0.208907 0.316106 0.197223 0.353502 0.367800 0.239929 0.480701 0.302225 0.127021 0.295985 0.319288 0.173801 0.122646 0.276310 0.229373 0.214580 0.132964 0.223606 0.329868 0.248486 0.260919 0.193920 0.145384 0.147763 0.263289 0.285920 
0.451832 0.181643 0.190101 0.356679 0.329302 0.257455 0.468802 0.566206 0.336020 0.466325 0.425464 0.303085 1.000000 0.266312 0.425181 0.155507 0.474006 0.273177 0.283277 0.355132 0.554088 0.334517 0.232339 0.226952 0.475474 0.222299 0.273682 0.237175 0.349233 0.407654 0.440395 0.304710 0.466625 0.446712 0.106134 0.100390 0.209434 0.126573 0.193502 0.208509 0.342138 0.246056 0.342913 0.375705 0.155580 0.446510 0.276209 0.474735 0.213958 0.293517 0.110410 0.158324 0.141903 0.191928 0.301395 0.279973 0.235746 0.291398 0.214768 0.224246 0.266365 0.298448 0.482942 0.391323 0.301752 0.461109 
0.316767 0.230542 0.140080 0.366188 0.379041 0.346236 0.294894 0.373526 0.317252 0.367495 0.233779 0.824052 0.266312 1.000000 0.208958 0.283382 0.300409 0.272622 0.511353 0.347313 0.334344 0.325070 0.264610 0.300446 0.322939 0.507706 0.361948 0.283905 0.298761 0.275103 0.306772 0.377092 0.303062 0.232762 0.260934 0.186898 0.330048 0.140108 0.349131 0.238514 0.223807 0.271244 0.225251 0.336771 0.395262 0.265914 0.663563 0.269826 0.218768 0.298473 0.270937 0.226636 0.163448 0.307715 0.277022 0.268661 0.179467 0.275515 0.464792 0.240893 0.227277 0.256656 0.150299 0.184396 0.263222 0.278991 
0.707382 0.110441 0.193502 0.265250 0.315248 0.268112 0.389044 0.415972 0.545133 0.328724 0.346297 0.247554 0.425181 0.208958 1.000000 0.225564 0.361726 0.314125 0.338423 0.422093 0.293712 0.353385 0.267229 0.265895 0.299375 0.277021 0.214240 0.212111 0.230021 0.743979 0.367897 0.368745 0.612188 0.390874 0.112428 0.143271 0.226057 0.141686 0.184516 0.145732 0.239063 0.311191 0.256892 0.364473 0.234669 0.278846 0.215045 0.431522 0.221028 0.213868 0.136736 0.146383 0.116070 0.181039 0.250918 0.274370 0.215361 0.218612 0.204693 0.152880 0.180893 0.217933 0.329152 0.289345 0.189282 0.362575 
0.237440 0.223018 0.311397 0.303783 0.205853 0.136089 0.170101 0.275929 0.206394 0.436990 0.243864 0.217032 0.155507 0.283382 0.225564 1.000000 0.166434 0.153124 0.297520 0.254421 0.254007 0.261705 0.810109 0.597316 0.337650 0.224592 0.286975 0.307802 0.368392 0.215989 0.219358 0.161407 0.218337 0.271988 0.154226 0.221144 0.311844 0.244864 0.164568 0.241988 0.292014 0.175500 0.299858 0.260137 0.328267 0.318262 0.295637 0.258480 0.490679 0.219649 0.180237 0.122240 0.213342 0.258997 0.112328 0.509357 0.143627 0.300905 0.193952 0.114507 0.178587 0.282023 0.190466 0.246635 0.196773 0.201606 
0.336010 0.115389 0.169615 0.237265 0.674371 0.378997 0.917933 0.311470 0.642840 0.274729 0.253410 0.346843 0.474006 0.300409 0.361726 0.166434 1.000000 0.228844 0.330567 0.255255 0.281300 0.362375 0.191564 0.183954 0.218602 0.208427 0.269211 0.190327 0.173740 0.400456 0.321335 0.609061 0.439725 0.255405 0.112899 0.218974 0.064973 0.146055 0.215502 0.230885 0.211589 0.232011 0.319002 0.246480 0.237025 0.356474 0.290370 0.314619 0.170933 0.342612 0.167405 0.230417 0.212869 0.146056 0.251753 0.226184 0.247135 0.199864 0.241202 0.227173 0.196637 0.135654 0.314439 0.270859 0.297949 0.464992 
0.354533 0.107789 0.216751 0.202608 0.230757 0.387384 0.220266 0.373096 0.318682 0.269321 0.233488 0.326308 0.273177 0.272622 0.314125 0.153124 0.228844 1.000000 0.336946 0.502727 0.179686 0.489941 0.160761 0.293376 0.247723 0.342058 0.261916 0.284775 0.269295 0.383359 0.402626 0.240023 0.458435 0.249092 0.163451 0.187359 0.137625 0.092379 0.337804 0.113754 0.170250 0.201621 0.236441 0.237259 0.303002 0.219958 0.332649 0.324542 0.178687 0.185083 0.212817 0.122396 0.130386 0.094865 0.242670 0.215225 0.205472 0.185868 0.369077 0.183195 0.288524 0.166997 0.215960 0.216815 0.223971 0.241909 
0.400262 0.153056 0.253154 0.259873 0.318119 0.451171 0.277799 0.416152 0.335635 0.393992 0.242305 0.497730 0.283277 0.511353 0.338423 0.297520 0.330567 0.336946 1.000000 0.533652 0.243333 0.469190 0.274632 0.374479 0.293658 0.438239 0.281720 0.244356 0.265019 0.485569 0.420938 0.327835 0.488642 0.150783 0.095109 0.145351 0.131734 0.087090 0.360855 0.126352 0.086366 0.224478 0.242964 0.175322 0.321902 0.178147 0.455776 0.242762 0.266783 0.264236 0.127906 0.114172 0.078508 0.075041 0.273369 0.266712 0.224786 0.144905 0.323153 0.221634 0.243915 0.165024 0.161601 0.163134 0.281319 0.239725 
0.523770 0.173905 0.174853 0.241467 0.319211 0.284350 0.251674 0.426948 0.316320 0.298867 0.272952 0.437122 0.355132 0.347313 0.422093 0.254421 0.255255 0.502727 0.533652 1.000000 0.291582 0.407627 0.264615 0.314972 0.284615 0.358017 0.306029 0.283933 0.305738 0.479023 0.527277 0.283002 0.482617 0.302080 0.111816 0.126985 0.156896 0.101981 0.251893 0.075561 0.170498 0.240718 0.193707 0.296815 0.253878 0.164056 0.297021 0.327572 0.187633 0.190104 0.199249 0.093916 0.154807 0.105454 0.277728 0.222174 0.181666 0.147673 0.236982 0.144351 0.172773 0.163594 0.248626 0.238388 0.161491 0.260488 
0.343886 0.279497 0.226616 0.787721 0.223203 0.151678 0.250147 0.437829 0.203105 0.498169 0.484113 0.305608 0.554088 0.334344 0.293712 0.254007 0.281300 0.179686 0.243333 0.291582 1.000000 0.227609 0.344775 0.229348 0.694314 0.197082 0.349763 0.261337 0.467134 0.307004 0.350322 0.195144 0.314251 0.399608 0.214403 0.207595 0.388704 0.138672 0.155292 0.142895 0.310268 0.185648 0.334167 0.458417 0.204754 0.293650 0.321684 0.332696 0.231917 0.221656 0.141499 0.130544 0.131357 0.306853 0.224809 0.381836 0.194556 0.314291 0.190099 0.107145 0.167976 0.287271 0.286636 0.289115 0.238205 0.217480 
0.475108 0.138722 0.225367 0.250528 0.271026 0.412130 0.331752 0.467073 0.337791 0.386909 0.243769 0.321786 0.334517 0.325070 0.353385 0.261705 0.362375 0.489941 0.469190 0.407627 0.227609 1.000000 0.270335 0.409138 0.296506 0.389198 0.426077 0.346178 0.331100 0.614582 0.680409 0.321068 0.744618 0.263319 0.151716 0.280325 0.216755 0.190803 0.390274 0.164395 0.201917 0.217189 0.376311 0.205592 0.284160 0.275785 0.290559 0.271296 0.305745 0.344005 0.178227 0.159071 0.143254 0.180977 0.364756 0.369267 0.397837 0.288947 0.325442 0.287713 0.327283 0.316824 0.285591 0.273631 0.311915 0.384551 
0.300930 0.331767 0.396722 0.354176 0.305531 0.109751 0.203956 0.343716 0.268183 0.455030 0.237548 0.259453 0.232339 0.264610 0.267229 0.810109 0.191564 0.160761 0.274632 0.264615 0.344775 0.270335 1.000000 0.519422 0.366616 0.232514 0.243040 0.259328 0.320785 0.268005 0.257298 0.181787 0.259332 0.265619 0.250579 0.192609 0.394418 0.292858 0.132937 0.289011 0.262667 0.218891 0.377764 0.287573 0.336034 0.346086 0.275976 0.249451 0.465639 0.265346 0.156620 0.129532 0.183748 0.317080 0.182032 0.689262 0.154972 0.354892 0.171598 0.152405 0.205504 0.315184 0.190564 0.215211 0.261998 0.192068 
0.345126 0.176761 0.352676 0.286167 0.282160 0.328860 0.225058 0.368454 0.297065 0.429136 0.279657 0.266377 0.226952 0.300446 0.265895 0.597316 0.183954 0.293376 0.374479 0.314972 0.229348 0.409138 0.519422 1.000000 0.292879 0.287139 0.393438 0.307648 0.287090 0.292201 0.377279 0.212153 0.349324 0.344517 0.172990 0.173454 0.254930 0.136716 0.337788 0.214896 0.249215 0.169868 0.266332 0.265192 0.336290 0.276349 0.346042 0.353487 0.287014 0.191399 0.119208 0.125678 0.137099 0.219363 0.260511 0.314483 0.283133 0.249202 0.280510 0.197628 0.318676 0.254029 0.215020 0.278176 0.261069 0.233612 
0.395532 0.196560 0.204047 0.736173 0.224429 0.216591 0.199601 0.455349 0.215051 0.849177 0.365347 0.281492 0.475474 0.322939 0.299375 0.337650 0.218602 0.247723 0.293658 0.284615 0.694314 0.296506 0.366616 0.292879 1.000000 0.180715 0.321504 0.274509 0.666693 0.344290 0.391011 0.216332 0.361513 0.402306 0.160504 0.223831 0.358918 0.163449 0.191567 0.092075 0.313600 0.273881 0.315202 0.339729 0.214719 0.302086 0.319382 0.392555 0.298852 0.306984 0.088725 0.189722 0.151659 0.213842 0.200926 0.386178 0.185406 0.326984 0.191411 0.106160 0.191934 0.257071 0.368241 0.328424 0.301053 0.236471 
0.378549 0.370185 0.243426 0.165198 0.310976 0.576775 0.240135 0.346943 0.328500 0.232864 0.176012 0.542738 0.222299 0.507706 0.277021 0.224592 0.208427 0.342058 0.438239 0.358017 0.197082 0.389198 0.232514 0.287139 0.180715 1.000000 0.316909 0.394674 0.138855 0.410232 0.300457 0.321408 0.406290 0.227109 0.248171 0.266256 0.233687 0.082597 0.555751 0.056039 0.152867 0.216199 0.168393 0.230854 0.319261 0.125035 0.363061 0.216969 0.217978 0.159711 0.456769 0.166823 0.246895 0.200757 0.328723 0.226470 0.298966 0.141654 0.614851 0.300546 0.392361 0.238617 0.218304 0.285729 0.215725 0.352680 
0.371792 0.284571 0.272846 0.317460 0.263149 0.273093 0.256966 0.440002 0.241000 0.357180 0.320382 0.366800 0.273682 0.361948 0.214240 0.286975 0.269211 0.261916 0.281720 0.306029 0.349763 0.426077 0.243040 0.393438 0.321504 0.316909 1.000000 0.528113 0.332530 0.346804 0.458608 0.288540 0.375328 0.303633 0.228830 0.276369 0.328071 0.094500 0.254679 0.059138 0.143353 0.209417 0.250280 0.248448 0.221708 0.203808 0.286317 0.263006 0.192451 0.125980 0.214568 0.058353 0.136784 0.247946 0.306020 0.253198 0.290392 0.270871 0.226074 0.190227 0.285448 0.234694 0.212831 0.204619 0.269705 0.262851 
0.318796 0.519119 0.320007 0.251373 0.218097 0.313078 0.206785 0.343159 0.231857 0.316480 0.281639 0.295516 0.237175 0.283905 0.212111 0.307802 0.190327 0.284775 0.244356 0.283933 0.261337 0.346178 0.259328 0.307648 0.274509 0.394674 0.528113 1.000000 0.272692 0.313048 0.288283 0.210471 0.340918 0.249293 0.311719 0.247949 0.303987 0.096493 0.347356 0.033398 0.139969 0.189338 0.338562 0.256580 0.217927 0.200284 0.276065 0.234346 0.283911 0.149640 0.278208 0.126219 0.133146 0.240826 0.270395 0.203547 0.308385 0.312840 0.217009 0.233611 0.454633 0.220386 0.192774 0.194877 0.286789 0.276102 
0.246558 0.204432 0.153281 0.540500 0.122792 0.147474 0.126527 0.327001 0.149602 0.571506 0.369009 0.241169 0.349233 0.298761 0.230021 0.368392 0.173740 0.269295 0.265019 0.305738 0.467134 0.331100 0.320785 0.287090 0.666693 0.138855 0.332530 0.272692 1.000000 0.281516 0.397870 0.180450 0.304542 0.311548 0.194664 0.238787 0.292735 0.150825 0.148848 0.098640 0.367264 0.172281 0.239282 0.391100 0.179702 0.369056 0.272836 0.323424 0.286146 0.196328 0.129548 0.142884 0.116799 0.288940 0.162175 0.350931 0.184312 0.286997 0.138909 0.133246 0.158593 0.212069 0.239214 0.276246 0.161229 0.151733 
0.751165 0.199775 0.286948 0.303567 0.350693 0.345093 0.387922 0.444102 0.512185 0.393145 0.322485 0.301242 0.407654 0.275103 0.743979 0.215989 0.400456 0.383359 0.485569 0.479023 0.307004 0.614582 0.268005 0.292201 0.344290 0.410232 0.346804 0.313048 0.281516 1.000000 0.541261 0.421853 0.900234 0.330018 0.142642 0.180466 0.233620 0.163550 0.289286 0.100694 0.235595 0.327504 0.359355 0.269529 0.294251 0.307356 0.272875 0.395973 0.281909 0.300909 0.141056 0.152445 0.126092 0.209951 0.342604 0.309400 0.301007 0.294249 0.314174 0.249294 0.256203 0.267802 0.382174 0.331899 0.290506 0.461101 
0.616243 0.170947 0.257961 0.330342 0.285787 0.292949 0.306411 0.612585 0.314266 0.408914 0.346185 0.324025 0.440395 0.306772 0.367897 0.219358 0.321335 0.402626 0.420938 0.527277 0.350322 0.680409 0.257298 0.377279 0.391011 0.300457 0.458608 0.288283 0.397870 0.541261 1.000000 0.283603 0.623151 0.315409 0.128141 0.259532 0.259323 0.200410 0.228174 0.168923 0.206143 0.207225 0.396827 0.253628 0.256639 0.316662 0.294740 0.290326 0.317354 0.293341 0.166815 0.088405 0.183337 0.186158 0.400095 0.332798 0.377293 0.340558 0.212050 0.277978 0.259405 0.358805 0.329236 0.341834 0.259249 0.356076 
0.323998 0.129781 0.237338 0.177802 0.784959 0.457317 0.687244 0.214179 0.761027 0.289334 0.196855 0.458235 0.304710 0.377092 0.368745 0.161407 0.609061 0.240023 0.327835 0.283002 0.195144 0.321068 0.181787 0.212153 0.216332 0.321408 0.288540 0.210471 0.180450 0.421853 0.283603 1.000000 0.427778 0.239591 0.114368 0.204062 0.052201 0.147915 0.313392 0.264727 0.199346 0.216935 0.238560 0.254451 0.252656 0.219906 0.222609 0.285186 0.127324 0.275033 0.187495 0.346115 0.209909 0.142234 0.265208 0.177488 0.258397 0.181381 0.183972 0.172776 0.186537 0.162398 0.214725 0.185144 0.173431 0.375896 
0.653876 0.168305 0.249429 0.312900 0.364322 0.379991 0.405783 0.484467 0.467217 0.436897 0.311059 0.325803 0.466625 0.303062 0.612188 0.218337 0.439725 0.458435 0.488642 0.482617 0.314251 0.744618 0.259332 0.349324 0.361513 0.406290 0.375328 0.340918 0.304542 0.900234 0.623151 0.427778 1.000000 0.354536 0.107254 0.178124 0.219091 0.207244 0.344881 0.120989 0.218983 0.363003 0.405238 0.265635 0.288988 0.334101 0.287266 0.428547 0.278749 0.382427 0.123676 0.184022 0.097821 0.208733 0.384523 0.310065 0.367664 0.304294 0.332964 0.289333 0.299997 0.274822 0.415944 0.332386 0.331537 0.515022 
0.377091 0.250821 0.128119 0.350611 0.223736 0.215545 0.255933 0.337285 0.242772 0.386212 0.397807 0.215337 0.446712 0.232762 0.390874 0.271988 0.255405 0.249092 0.150783 0.302080 0.399608 0.263319 0.265619 0.344517 0.402306 0.227109 0.303633 0.249293 0.311548 0.330018 0.315409 0.239591 0.354536 1.000000 0.237825 0.201418 0.275876 0.162478 0.210500 0.144062 0.572550 0.312482 0.259365 0.481981 0.213035 0.341885 0.226872 0.726778 0.151941 0.247194 0.262200 0.111027 0.350458 0.282839 0.221572 0.255982 0.194427 0.302582 0.180201 0.228255 0.262318 0.295001 0.727457 0.668473 0.350753 0.485461 
0.150473 0.695011 0.171816 0.235001 0.176024 0.127950 0.081804 0.175918 0.134323 0.159550 0.172708 0.264344 0.106134 0.260934 0.112428 0.154226 0.112899 0.163451 0.095109 0.111816 0.214403 0.151716 0.250579 0.172990 0.160504 0.248171 0.228830 0.311719 0.194664 0.142642 0.128141 0.114368 0.107254 0.237825 1.000000 0.437372 0.294283 0.291415 0.154985 0.141461 0.199758 0.194890 0.219995 0.205263 0.307274 0.177771 0.284041 0.154069 0.107778 0.151634 0.181172 0.148570 0.237511 0.263019 0.165420 0.362612 0.120449 0.266474 0.212118 0.223573 0.453434 0.167039 0.117752 0.206566 0.290639 0.111148 
0.202705 0.240725 0.286453 0.214979 0.179313 0.217847 0.203394 0.264981 0.169488 0.178449 0.199154 0.175690 0.100390 0.186898 0.143271 0.221144 0.218974 0.187359 0.145351 0.126985 0.207595 0.280325 0.192609 0.173454 0.223831 0.266256 0.276369 0.247949 0.238787 0.180466 0.259532 0.204062 0.178124 0.201418 0.437372 1.000000 0.187463 0.349551 0.250446 0.197407 0.166013 0.265035 0.196898 0.156464 0.231762 0.139664 0.168185 0.152515 0.192140 0.219637 0.290014 0.102669 0.282880 0.104382 0.153231 0.374997 0.368141 0.156655 0.166790 0.133914 0.210235 0.122968 0.100887 0.189100 0.282889 0.120278 
0.285804 0.424019 0.372918 0.569813 0.051065 0.136190 0.058635 0.349976 0.109645 0.239975 0.346381 0.275339 0.209434 0.330048 0.226057 0.311844 0.064973 0.137625 0.131734 0.156896 0.388704 0.216755 0.394418 0.254930 0.358918 0.233687 0.328071 0.303987 0.292735 0.233620 0.259323 0.052201 0.219091 0.275876 0.294283 0.187463 1.000000 0.147989 0.158894 0.157504 0.307413 0.126320 0.389112 0.315690 0.316179 0.397978 0.318150 0.190586 0.353144 0.142870 0.220602 0.107526 0.160978 0.664212 0.226668 0.433455 0.163086 0.563262 0.246267 0.231996 0.203979 0.503230 0.218298 0.312100 0.174671 0.187954 
0.161786 0.232899 0.108837 0.133430 0.091555 0.038712 0.145809 0.153838 0.096117 0.224226 0.237139 0.108899 0.126573 0.140108 0.141686 0.244864 0.146055 0.092379 0.087090 0.101981 0.138672 0.190803 0.292858 0.136716 0.163449 0.082597 0.094500 0.096493 0.150825 0.163550 0.200410 0.147915 0.207244 0.162478 0.291415 0.349551 0.147989 1.000000 0.103729 0.490024 0.192132 0.516981 0.095499 0.158938 0.448510 0.110073 0.231105 0.181912 0.220991 0.424013 0.095392 0.227433 0.217704 0.041049 0.177661 0.365879 0.186439 0.083803 0.120704 0.140539 0.090247 0.134117 0.146890 0.163433 0.454550 0.171601 
0.229271 0.146662 0.239974 0.165972 0.277254 0.727010 0.260158 0.215182 0.323907 0.278321 0.114100 0.328542 0.193502 0.349131 0.184516 0.164568 0.215502 0.337804 0.360855 0.251893 0.155292 0.390274 0.132937 0.337788 0.191567 0.555751 0.254679 0.347356 0.148848 0.289286 0.228174 0.313392 0.344881 0.210500 0.154985 0.250446 0.158894 0.103729 1.000000 0.127976 0.079890 0.255559 0.158994 0.178705 0.262404 0.127697 0.333088 0.242249 0.233412 0.270191 0.344113 0.335958 0.280440 0.079809 0.292096 0.212687 0.301542 0.123011 0.537462 0.229806 0.346772 0.185086 0.201518 0.245922 0.331162 0.292148 
0.154387 0.106035 0.166222 0.153173 0.203730 0.112511 0.291114 0.134747 0.214039 0.120910 0.141529 0.149457 0.208509 0.238514 0.145732 0.241988 0.230885 0.113754 0.126352 0.075561 0.142895 0.164395 0.289011 0.214896 0.092075 0.056039 0.059138 0.033398 0.098640 0.100694 0.168923 0.264727 0.120989 0.144062 0.141461 0.197407 0.157504 0.490024 0.127976 1.000000 0.196098 0.180175 0.119627 0.146150 0.444282 0.194466 0.337520 0.211655 0.217175 0.237732 0.116363 0.265440 0.192307 0.056566 0.216995 0.290169 0.186460 0.096437 0.216563 0.154781 0.042570 0.225144 0.127798 0.199688 0.220677 0.181119 
0.279218 0.197572 0.097947 0.341844 0.181593 0.092967 0.195995 0.223486 0.221787 0.247183 0.338954 0.208907 0.342138 0.223807 0.239063 0.292014 0.211589 0.170250 0.086366 0.170498 0.310268 0.201917 0.262667 0.249215 0.313600 0.152867 0.143353 0.139969 0.367264 0.235595 0.206143 0.199346 0.218983 0.572550 0.199758 0.166013 0.307413 0.192132 0.079890 0.196098 1.000000 0.208205 0.308827 0.531515 0.160046 0.519494 0.153990 0.438284 0.177332 0.171384 0.235687 0.079824 0.227673 0.453590 0.114757 0.239875 0.060385 0.456430 0.100666 0.115554 0.115488 0.400544 0.450975 0.612310 0.252373 0.316139 
0.322277 0.153355 0.045441 0.175920 0.253206 0.189537 0.197420 0.226006 0.220249 0.401504 0.196965 0.316106 0.246056 0.271244 0.311191 0.175500 0.232011 0.201621 0.224478 0.240718 0.185648 0.217189 0.218891 0.169868 0.273881 0.216199 0.209417 0.189338 0.172281 0.327504 0.207225 0.216935 0.363003 0.312482 0.194890 0.265035 0.126320 0.516981 0.255559 0.180175 0.208205 1.000000 0.117054 0.193985 0.344225 0.217018 0.297142 0.592702 0.044048 0.551333 0.207284 0.239303 0.144795 0.126710 0.134865 0.181504 0.109359 0.140347 0.177572 0.131304 0.187816 0.077990 0.291125 0.195003 0.561772 0.291218 
0.325475 0.271004 0.298466 0.324477 0.309475 0.194322 0.335651 0.303288 0.348365 0.329049 0.304835 0.197223 0.342913 0.225251 0.256892 0.299858 0.319002 0.236441 0.242964 0.193707 0.334167 0.376311 0.377764 0.266332 0.315202 0.168393 0.250280 0.338562 0.239282 0.359355 0.396827 0.238560 0.405238 0.259365 0.219995 0.196898 0.389112 0.095499 0.158994 0.119627 0.308827 0.117054 1.000000 0.239991 0.144895 0.508105 0.237916 0.193035 0.370326 0.212757 0.165380 0.093480 0.129829 0.297003 0.336326 0.413983 0.328876 0.874527 0.129611 0.223215 0.243195 0.565403 0.252380 0.256256 0.197643 0.321630 
0.382671 0.188017 0.140737 0.372523 0.245026 0.195730 0.233199 0.370050 0.260183 0.292131 0.529035 0.353502 0.375705 0.336771 0.364473 0.260137 0.246480 0.237259 0.175322 0.296815 0.458417 0.205592 0.287573 0.265192 0.339729 0.230854 0.248448 0.256580 0.391100 0.269529 0.253628 0.254451 0.265635 0.481981 0.205263 0.156464 0.315690 0.158938 0.178705 0.146150 0.531515 0.193985 0.239991 1.000000 0.205440 0.380241 0.208795 0.450903 0.189920 0.114458 0.161018 0.084768 0.138749 0.466028 0.159599 0.270240 0.160426 0.333832 0.219919 0.157641 0.203659 0.289880 0.246889 0.307764 0.169952 0.232693 
0.305307 0.402172 0.307207 0.255933 0.262181 0.270436 0.238712 0.298597 0.300407 0.267313 0.250885 0.367800 0.155580 0.395262 0.234669 0.328267 0.237025 0.303002 0.321902 0.253878 0.204754 0.284160 0.336034 0.336290 0.214719 0.319261 0.221708 0.217927 0.179702 0.294251 0.256639 0.252656 0.288988 0.213035 0.307274 0.231762 0.316179 0.448510 0.262404 0.444282 0.160046 0.344225 0.144895 0.205440 1.000000 0.170583 0.675863 0.275562 0.251108 0.294310 0.269928 0.306154 0.294126 0.204435 0.328610 0.300073 0.222757 0.161043 0.394390 0.257181 0.263894 0.264310 0.193238 0.283126 0.295556 0.214956 
0.272299 0.221401 0.194844 0.349058 0.227145 0.134670 0.338702 0.331552 0.288619 0.308542 0.324332 0.239929 0.446510 0.265914 0.278846 0.318262 0.356474 0.219958 0.178147 0.164056 0.293650 0.275785 0.346086 0.276349 0.302086 0.125035 0.203808 0.200284 0.369056 0.307356 0.316662 0.219906 0.334101 0.341885 0.177771 0.139664 0.397978 0.110073 0.127697 0.194466 0.519494 0.217018 0.508105 0.380241 0.170583 1.000000 0.233438 0.425205 0.205897 0.309854 0.152228 0.089314 0.167529 0.532590 0.172029 0.270626 0.108470 0.557021 0.165018 0.214954 0.153069 0.352616 0.364234 0.364976 0.251408 0.348580 
0.321085 0.350363 0.290615 0.374983 0.276525 0.334454 0.281982 0.362998 0.297761 0.348849 0.260279 0.480701 0.276209 0.663563 0.215045 0.295637 0.290370 0.332649 0.455776 0.297021 0.321684 0.290559 0.275976 0.346042 0.319382 0.363061 0.286317 0.276065 0.272836 0.272875 0.294740 0.222609 0.287266 0.226872 0.284041 0.168185 0.318150 0.231105 0.333088 0.337520 0.153990 0.297142 0.237916 0.208795 0.675863 0.233438 1.000000 0.271270 0.231551 0.350432 0.225285 0.348531 0.265445 0.239343 0.344921 0.283812 0.228526 0.236300 0.556212 0.259515 0.280030 0.257743 0.197816 0.259414 0.314560 0.201785 
0.419413 0.140523 0.089939 0.312244 0.294033 0.244692 0.293015 0.316779 0.293961 0.416020 0.409399 0.302225 0.474735 0.269826 0.431522 0.258480 0.314619 0.324542 0.242762 0.327572 0.332696 0.271296 0.249451 0.353487 0.392555 0.216969 0.263006 0.234346 0.323424 0.395973 0.290326 0.285186 0.428547 0.726778 0.154069 0.152515 0.190586 0.181912 0.242249 0.211655 0.438284 0.592702 0.193035 0.450903 0.275562 0.425205 0.271270 1.000000 0.105582 0.349486 0.206365 0.223742 0.193954 0.238339 0.190663 0.205489 0.161157 0.207848 0.206903 0.217226 0.251207 0.157609 0.621046 0.427843 0.453933 0.499735 
0.264182 0.171162 0.308709 0.320061 0.152117 0.207185 0.173579 0.276711 0.224162 0.274181 0.246949 0.127021 0.213958 0.218768 0.221028 0.490679 0.170933 0.178687 0.266783 0.187633 0.231917 0.305745 0.465639 0.287014 0.298852 0.217978 0.192451 0.283911 0.286146 0.281909 0.317354 0.127324 0.278749 0.151941 0.107778 0.192140 0.353144 0.220991 0.233412 0.217175 0.177332 0.044048 0.370326 0.189920 0.251108 0.205897 0.231551 0.105582 1.000000 0.161046 0.075308 0.128946 0.127255 0.203936 0.362112 0.725447 0.477029 0.311533 0.269807 0.143521 0.220467 0.340086 0.141461 0.163630 0.201629 0.139205 
0.211923 0.158523 0.117028 0.235714 0.237436 0.188555 0.292082 0.187774 0.228380 0.426283 0.166378 0.295985 0.293517 0.298473 0.213868 0.219649 0.342612 0.185083 0.264236 0.190104 0.221656 0.344005 0.265346 0.191399 0.306984 0.159711 0.125980 0.149640 0.196328 0.300909 0.293341 0.275033 0.382427 0.247194 0.151634 0.219637 0.142870 0.424013 0.270191 0.237732 0.171384 0.551333 0.212757 0.114458 0.294310 0.309854 0.350432 0.349486 0.161046 1.000000 0.160164 0.241471 0.196426 0.099107 0.228210 0.246735 0.184223 0.172338 0.192156 0.142816 0.179402 0.209992 0.313400 0.305609 0.478890 0.292203 
0.195245 0.354355 0.186164 0.134510 0.189597 0.268721 0.213419 0.212016 0.222329 0.064414 0.066305 0.319288 0.110410 0.270937 0.136736 0.180237 0.167405 0.212817 0.127906 0.199249 0.141499 0.178227 0.156620 0.119208 0.088725 0.456769 0.214568 0.278208 0.129548 0.141056 0.166815 0.187495 0.123676 0.262200 0.181172 0.290014 0.220602 0.095392 0.344113 0.116363 0.235687 0.207284 0.165380 0.161018 0.269928 0.152228 0.225285 0.206365 0.075308 0.160164 1.000000 0.073584 0.488708 0.160502 0.199913 0.115726 0.176589 0.179646 0.270880 0.252430 0.254495 0.212483 0.217582 0.349595 0.161219 0.327501 
0.105163 0.113754 0.128374 0.166582 0.286016 0.280606 0.266583 0.027296 0.276966 0.219947 0.075859 0.173801 0.158324 0.226636 0.146383 0.122240 0.230417 0.122396 0.114172 0.093916 0.130544 0.159071 0.129532 0.125678 0.189722 0.166823 0.058353 0.126219 0.142884 0.152445 0.088405 0.346115 0.184022 0.111027 0.148570 0.102669 0.107526 0.227433 0.335958 0.265440 0.079824 0.239303 0.093480 0.084768 0.306154 0.089314 0.348531 0.223742 0.128946 0.241471 0.073584 1.000000 0.278028 0.055420 0.134410 0.183062 0.104772 0.088014 0.263921 0.118079 0.130208 0.127357 0.204380 0.131876 0.155242 0.197323 
0.179084 0.309731 0.214298 0.140700 0.169250 0.202429 0.239591 0.147777 0.205784 0.126102 0.067955 0.122646 0.141903 0.163448 0.116070 0.213342 0.212869 0.130386 0.078508 0.154807 0.131357 0.143254 0.183748 0.137099 0.151659 0.246895 0.136784 0.133146 0.116799 0.126092 0.183337 0.209909 0.097821 0.350458 0.237511 0.282880 0.160978 0.217704 0.280440 0.192307 0.227673 0.144795 0.129829 0.138749 0.294126 0.167529 0.265445 0.193954 0.127255 0.196426 0.488708 0.278028 1.000000 0.139265 0.244012 0.226946 0.191167 0.163035 0.250734 0.299341 0.179486 0.227619 0.384021 0.494069 0.205365 0.270295 
0.187942 0.318713 0.201581 0.384733 0.130588 0.068617 0.115823 0.222284 0.185012 0.180858 0.295320 0.276310 0.191928 0.307715 0.181039 0.258997 0.146056 0.094865 0.075041 0.105454 0.306853 0.180977 0.317080 0.219363 0.213842 0.200757 0.247946 0.240826 0.288940 0.209951 0.186158 0.142234 0.208733 0.282839 0.263019 0.104382 0.664212 0.041049 0.079809 0.056566 0.453590 0.126710 0.297003 0.466028 0.204435 0.532590 0.239343 0.238339 0.203936 0.099107 0.160502 0.055420 0.139265 1.000000 0.181435 0.291281 0.132729 0.496157 0.210199 0.141509 0.164018 0.333769 0.196880 0.237439 0.102686 0.185182 
0.306862 0.228573 0.241567 0.225654 0.264883 0.269303 0.272730 0.264621 0.314290 0.195776 0.211141 0.229373 0.301395 0.277022 0.250918 0.112328 0.251753 0.242670 0.273369 0.277728 0.224809 0.364756 0.182032 0.260511 0.200926 0.328723 0.306020 0.270395 0.162175 0.342604 0.400095 0.265208 0.384523 0.221572 0.165420 0.153231 0.226668 0.177661 0.292096 0.216995 0.114757 0.134865 0.336326 0.159599 0.328610 0.172029 0.344921 0.190663 0.362112 0.228210 0.199913 0.134410 0.244012 0.181435 1.000000 0.339770 0.746411 0.262020 0.291471 0.379318 0.337620 0.433188 0.284595 0.293220 0.242155 0.395652 
0.287463 0.319600 0.332011 0.425951 0.233298 0.162886 0.214220 0.356468 0.241750 0.346868 0.315774 0.214580 0.279973 0.268661 0.274370 0.509357 0.226184 0.215225 0.266712 0.222174 0.381836 0.369267 0.689262 0.314483 0.386178 0.226470 0.253198 0.203547 0.350931 0.309400 0.332798 0.177488 0.310065 0.255982 0.362612 0.374997 0.433455 0.365879 0.212687 0.290169 0.239875 0.181504 0.413983 0.270240 0.300073 0.270626 0.283812 0.205489 0.725447 0.246735 0.115726 0.183062 0.226946 0.291281 0.339770 1.000000 0.430524 0.343249 0.240398 0.145628 0.201105 0.306758 0.201128 0.200146 0.300257 0.183331 
0.279297 0.160134 0.216103 0.152490 0.266144 0.284276 0.281539 0.276918 0.292081 0.188982 0.238160 0.132964 0.235746 0.179467 0.215361 0.143627 0.247135 0.205472 0.224786 0.181666 0.194556 0.397837 0.154972 0.283133 0.185406 0.298966 0.290392 0.308385 0.184312 0.301007 0.377293 0.258397 0.367664 0.194427 0.120449 0.368141 0.163086 0.186439 0.301542 0.186460 0.060385 0.109359 0.328876 0.160426 0.222757 0.108470 0.228526 0.161157 0.477029 0.184223 0.176589 0.104772 0.191167 0.132729 0.746411 0.430524 1.000000 0.218065 0.237897 0.226303 0.284119 0.305627 0.177365 0.161341 0.168009 0.283885 
0.320240 0.322530 0.274138 0.361375 0.234144 0.147787 0.227252 0.293515 0.263423 0.319143 0.327649 0.223606 0.291398 0.275515 0.218612 0.300905 0.199864 0.185868 0.144905 0.147673 0.314291 0.288947 0.354892 0.249202 0.326984 0.141654 0.270871 0.312840 0.286997 0.294249 0.340558 0.181381 0.304294 0.302582 0.266474 0.156655 0.563262 0.083803 0.123011 0.096437 0.456430 0.140347 0.874527 0.333832 0.161043 0.557021 0.236300 0.207848 0.311533 0.172338 0.179646 0.088014 0.163035 0.496157 0.262020 0.343249 0.218065 1.000000 0.103077 0.217306 0.207083 0.679825 0.250793 0.320864 0.174410 0.258534 
0.280913 0.179716 0.320770 0.226590 0.198080 0.467606 0.247317 0.236977 0.271870 0.202612 0.137301 0.329868 0.214768 0.464792 0.204693 0.193952 0.241202 0.369077 0.323153 0.236982 0.190099 0.325442 0.171598 0.280510 0.191411 0.614851 0.226074 0.217009 0.138909 0.314174 0.212050 0.183972 0.332964 0.180201 0.212118 0.166790 0.246267 0.120704 0.537462 0.216563 0.100666 0.177572 0.129611 0.219919 0.394390 0.165018 0.556212 0.206903 0.269807 0.192156 0.270880 0.263921 0.250734 0.210199 0.291471 0.240398 0.237897 0.103077 1.000000 0.285099 0.285571 0.215223 0.246472 0.262040 0.198151 0.309845 
0.263757 0.241493 0.248703 0.176829 0.191860 0.272196 0.244899 0.252220 0.228954 0.115137 0.164672 0.248486 0.224246 0.240893 0.152880 0.114507 0.227173 0.183195 0.221634 0.144351 0.107145 0.287713 0.152405 0.197628 0.106160 0.300546 0.190227 0.233611 0.133246 0.249294 0.277978 0.172776 0.289333 0.228255 0.223573 0.133914 0.231996 0.140539 0.229806 0.154781 0.115554 0.131304 0.223215 0.157641 0.257181 0.214954 0.259515 0.217226 0.143521 0.142816 0.252430 0.118079 0.299341 0.141509 0.379318 0.145628 0.226303 0.217306 0.285099 1.000000 0.434980 0.360264 0.294136 0.330952 0.229477 0.352189 
0.266651 0.418358 0.238808 0.177194 0.242368 0.439861 0.209430 0.303056 0.253017 0.323293 0.157277 0.260919 0.266365 0.227277 0.180893 0.178587 0.196637 0.288524 0.243915 0.172773 0.167976 0.327283 0.205504 0.318676 0.191934 0.392361 0.285448 0.454633 0.158593 0.256203 0.259405 0.186537 0.299997 0.262318 0.453434 0.210235 0.203979 0.090247 0.346772 0.042570 0.115488 0.187816 0.243195 0.203659 0.263894 0.153069 0.280030 0.251207 0.220467 0.179402 0.254495 0.130208 0.179486 0.164018 0.337620 0.201105 0.284119 0.207083 0.285571 0.434980 1.000000 0.186864 0.224807 0.255341 0.307629 0.271088 
0.323750 0.273253 0.351736 0.328418 0.144075 0.177232 0.177954 0.270170 0.213508 0.212183 0.256484 0.193920 0.298448 0.256656 0.217933 0.282023 0.135654 0.166997 0.165024 0.163594 0.287271 0.316824 0.315184 0.254029 0.257071 0.238617 0.234694 0.220386 0.212069 0.267802 0.358805 0.162398 0.274822 0.295001 0.167039 0.122968 0.503230 0.134117 0.185086 0.225144 0.400544 0.077990 0.565403 0.289880 0.264310 0.352616 0.257743 0.157609 0.340086 0.209992 0.212483 0.127357 0.227619 0.333769 0.433188 0.306758 0.305627 0.679825 0.215223 0.360264 0.186864 1.000000 0.267557 0.399997 0.132275 0.244704 
0.343861 0.202462 0.142753 0.291999 0.191031 0.244471 0.280225 0.252641 0.250366 0.363182 0.254665 0.145384 0.482942 0.150299 0.329152 0.190466 0.314439 0.215960 0.161601 0.248626 0.286636 0.285591 0.190564 0.215020 0.368241 0.218304 0.212831 0.192774 0.239214 0.382174 0.329236 0.214725 0.415944 0.727457 0.117752 0.100887 0.218298 0.146890 0.201518 0.127798 0.450975 0.291125 0.252380 0.246889 0.193238 0.364234 0.197816 0.621046 0.141461 0.313400 0.217582 0.204380 0.384021 0.196880 0.284595 0.201128 0.177365 0.250793 0.246472 0.294136 0.224807 0.267557 1.000000 0.775015 0.388614 0.738896 
0.379421 0.300606 0.204412 0.326885 0.148932 0.269601 0.241709 0.319714 0.219744 0.292900 0.283178 0.147763 0.391323 0.184396 0.289345 0.246635 0.270859 0.216815 0.163134 0.238388 0.289115 0.273631 0.215211 0.278176 0.328424 0.285729 0.204619 0.194877 0.276246 0.331899 0.341834 0.185144 0.332386 0.668473 0.206566 0.189100 0.312100 0.163433 0.245922 0.199688 0.612310 0.195003 0.256256 0.307764 0.283126 0.364976 0.259414 0.427843 0.163630 0.305609 0.349595 0.131876 0.494069 0.237439 0.293220 0.200146 0.161341 0.320864 0.262040 0.330952 0.255341 0.399997 0.775015 1.000000 0.332467 0.511674 
0.252491 0.262930 0.164596 0.243804 0.219473 0.289450 0.250144 0.251315 0.216664 0.407054 0.233273 0.263289 0.301752 0.263222 0.189282 0.196773 0.297949 0.223971 0.281319 0.161491 0.238205 0.311915 0.261998 0.261069 0.301053 0.215725 0.269705 0.286789 0.161229 0.290506 0.259249 0.173431 0.331537 0.350753 0.290639 0.282889 0.174671 0.454550 0.331162 0.220677 0.252373 0.561772 0.197643 0.169952 0.295556 0.251408 0.314560 0.453933 0.201629 0.478890 0.161219 0.155242 0.205365 0.102686 0.242155 0.300257 0.168009 0.174410 0.198151 0.229477 0.307629 0.132275 0.388614 0.332467 1.000000 0.389251 
0.347358 0.171444 0.143737 0.192244 0.342990 0.324803 0.452777 0.222907 0.439676 0.325323 0.238218 0.285920 0.461109 0.278991 0.362575 0.201606 0.464992 0.241909 0.239725 0.260488 0.217480 0.384551 0.192068 0.233612 0.236471 0.352680 0.262851 0.276102 0.151733 0.461101 0.356076 0.375896 0.515022 0.485461 0.111148 0.120278 0.187954 0.171601 0.292148 0.181119 0.316139 0.291218 0.321630 0.232693 0.214956 0.348580 0.201785 0.499735 0.139205 0.292203 0.327501 0.197323 0.270295 0.185182 0.395652 0.183331 0.283885 0.258534 0.309845 0.352189 0.271088 0.244704 0.738896 0.511674 0.389251 1.000000 
